Longitude,Latitude,n,Total Displacement Volume (ml/m3), COPEPOD-2012 file identifier, http://www.st.nmfs.noaa.gov/plankton/biomass/,
      0.875,   -52.875,         4,                  0.1228826940, COPEPOD-2012  dispvol  (m12)            ,
      1.125,   -50.375,         4,                  0.0701280162, COPEPOD-2012  dispvol  (m12)            ,
      1.375,   -55.625,         4,                  0.0832583308, COPEPOD-2012  dispvol  (m12)            ,
      1.375,   -47.125,         4,                  0.0187165476, COPEPOD-2012  dispvol  (m12)            ,
     17.625,   -34.375,         1,                  0.0675304979, COPEPOD-2012  dispvol  (m12)            ,
     18.125,   -34.125,         4,                  0.1386714280, COPEPOD-2012  dispvol  (m12)            ,
     19.625,   -56.875,         4,                  0.0819738358, COPEPOD-2012  dispvol  (m12)            ,
     19.625,   -51.875,         4,                  0.0361297093, COPEPOD-2012  dispvol  (m12)            ,
     19.625,   -48.875,         4,                  0.0310951211, COPEPOD-2012  dispvol  (m12)            ,
     20.125,   -42.375,         4,                  0.0641406476, COPEPOD-2012  dispvol  (m12)            ,
     20.125,   -38.875,         4,                  0.0322345421, COPEPOD-2012  dispvol  (m12)            ,
     20.375,   -45.625,         4,                  0.0576137118, COPEPOD-2012  dispvol  (m12)            ,
     23.375,   -34.375,         1,                  0.0938425809, COPEPOD-2012  dispvol  (m12)            ,
     25.625,   -34.125,         1,                  0.0519517288, COPEPOD-2012  dispvol  (m12)            ,
     25.875,   -34.875,         2,                  0.0324699767, COPEPOD-2012  dispvol  (m12)            ,
     25.875,   -34.375,         1,                  0.3855671287, COPEPOD-2012  dispvol  (m12)            ,
     41.125,    16.625,         1,                  0.0325012431, COPEPOD-2012  dispvol  (m12)            ,
     43.375,    12.625,         2,                  0.1562461853, COPEPOD-2012  dispvol  (m12)            ,
     43.875,    12.375,         2,                  0.0375005752, COPEPOD-2012  dispvol  (m12)            ,
     48.125,    13.875,         1,                  0.1249971166, COPEPOD-2012  dispvol  (m12)            ,
     48.375,    13.125,         1,                  0.0800018460, COPEPOD-2012  dispvol  (m12)            ,
     48.375,    13.375,         1,                  0.1874994487, COPEPOD-2012  dispvol  (m12)            ,
     48.625,    12.125,         2,                  0.1099959761, COPEPOD-2012  dispvol  (m12)            ,
     48.625,    12.625,         2,                  0.1299933046, COPEPOD-2012  dispvol  (m12)            ,
     48.875,    11.375,         1,                  0.2125201076, COPEPOD-2012  dispvol  (m12)            ,
     48.875,    11.625,         2,                  0.0999965221, COPEPOD-2012  dispvol  (m12)            ,
     49.375,     5.625,         3,                  0.0576177947, COPEPOD-2012  dispvol  (m12)            ,
     50.125,     5.375,         2,                  0.0534500182, COPEPOD-2012  dispvol  (m12)            ,
     50.625,     5.125,         1,                  0.0449987054, COPEPOD-2012  dispvol  (m12)            ,
     50.625,     8.375,         2,                  0.0505004562, COPEPOD-2012  dispvol  (m12)            ,
     50.875,     4.875,         2,                  0.0387506895, COPEPOD-2012  dispvol  (m12)            ,
     50.875,     8.125,         1,                  0.0400036871, COPEPOD-2012  dispvol  (m12)            ,
     51.125,     4.625,         1,                  0.0525049120, COPEPOD-2012  dispvol  (m12)            ,
     51.125,     7.875,         1,                  0.0350025780, COPEPOD-2012  dispvol  (m12)            ,
     51.375,    12.125,         1,                  0.1009950265, COPEPOD-2012  dispvol  (m12)            ,
     51.625,     7.875,         1,                  0.0500034541, COPEPOD-2012  dispvol  (m12)            ,
     51.625,    12.125,         2,                  0.0599971749, COPEPOD-2012  dispvol  (m12)            ,
     51.875,    12.125,         1,                  0.1249971166, COPEPOD-2012  dispvol  (m12)            ,
     52.875,    11.625,         1,                  0.1399909556, COPEPOD-2012  dispvol  (m12)            ,
     53.125,    11.375,         2,                  0.1087440997, COPEPOD-2012  dispvol  (m12)            ,
     53.375,    11.125,         1,                  0.1000000015, COPEPOD-2012  dispvol  (m12)            ,
     53.875,    10.875,         1,                  0.0924911052, COPEPOD-2012  dispvol  (m12)            ,
     54.125,    10.625,         1,                  0.0905107111, COPEPOD-2012  dispvol  (m12)            ,
     54.375,    10.375,         1,                  0.0475006998, COPEPOD-2012  dispvol  (m12)            ,
     54.625,   -13.375,         1,                  0.0185012035, COPEPOD-2012  dispvol  (m12)            ,
     59.375,    -4.625,         1,                  0.0500034541, COPEPOD-2012  dispvol  (m12)            ,
     59.875,     7.875,         1,                  0.0254800376, COPEPOD-2012  dispvol  (m12)            ,
     60.875,     7.875,         1,                  0.0560531467, COPEPOD-2012  dispvol  (m12)            ,
     61.875,     7.875,         1,                  0.0254800376, COPEPOD-2012  dispvol  (m12)            ,
     62.625,   -28.375,         1,                  0.0325012431, COPEPOD-2012  dispvol  (m12)            ,
     62.875,     8.125,         1,                  0.0254800376, COPEPOD-2012  dispvol  (m12)            ,
     63.875,     9.875,         1,                  0.1273796260, COPEPOD-2012  dispvol  (m12)            ,
     65.875,     9.875,         1,                  0.0382208154, COPEPOD-2012  dispvol  (m12)            ,
     68.125,     9.875,         1,                  0.0254800376, COPEPOD-2012  dispvol  (m12)            ,
     69.875,     9.875,         1,                  0.0636942238, COPEPOD-2012  dispvol  (m12)            ,
     70.375,    18.875,         1,                  0.4799544215, COPEPOD-2012  dispvol  (m12)            ,
     70.375,    19.375,         1,                  0.4000368714, COPEPOD-2012  dispvol  (m12)            ,
     70.375,    19.875,         1,                  1.2000517845, COPEPOD-2012  dispvol  (m12)            ,
     70.875,   -16.625,         1,                  0.0272709373, COPEPOD-2012  dispvol  (m12)            ,
     70.875,   -10.625,         1,                  0.1749846637, COPEPOD-2012  dispvol  (m12)            ,
     70.875,    12.375,         1,                  0.0899911970, COPEPOD-2012  dispvol  (m12)            ,
     70.875,    17.875,         1,                  0.3199631870, COPEPOD-2012  dispvol  (m12)            ,
     70.875,    18.375,         3,                  1.2412151098, COPEPOD-2012  dispvol  (m12)            ,
     70.875,    19.125,        18,                  1.0766624212, COPEPOD-2012  dispvol  (m12)            ,
     70.875,    19.625,         3,                  0.3100087941, COPEPOD-2012  dispvol  (m12)            ,
     70.875,    20.125,         3,                  0.3200088739, COPEPOD-2012  dispvol  (m12)            ,
     71.125,   -33.125,         1,                  0.0188668743, COPEPOD-2012  dispvol  (m12)            ,
     71.125,   -23.875,         1,                  0.0090907570, COPEPOD-2012  dispvol  (m12)            ,
     71.125,   -21.625,         1,                  0.0188668743, COPEPOD-2012  dispvol  (m12)            ,
     71.125,   -12.625,         1,                  0.0363663770, COPEPOD-2012  dispvol  (m12)            ,
     71.375,   -30.125,         1,                  0.0173900183, COPEPOD-2012  dispvol  (m12)            ,
     71.375,   -27.125,         1,                  0.0086956099, COPEPOD-2012  dispvol  (m12)            ,
     71.375,    11.375,         1,                  0.0299985334, COPEPOD-2012  dispvol  (m12)            ,
     71.375,    17.375,         1,                  0.4400479496, COPEPOD-2012  dispvol  (m12)            ,
     71.875,    10.125,         1,                  0.4400479496, COPEPOD-2012  dispvol  (m12)            ,
     71.875,    12.875,         1,                  0.6000673771, COPEPOD-2012  dispvol  (m12)            ,
     71.875,    13.125,         4,                  0.1699903011, COPEPOD-2012  dispvol  (m12)            ,
     71.875,    15.125,         1,                  0.0249976963, COPEPOD-2012  dispvol  (m12)            ,
     71.875,    16.375,         1,                  0.4000368714, COPEPOD-2012  dispvol  (m12)            ,
     71.875,    16.875,         1,                  0.3199631870, COPEPOD-2012  dispvol  (m12)            ,
     72.125,    11.875,         1,                  0.5000345111, COPEPOD-2012  dispvol  (m12)            ,
     72.125,    13.125,         2,                  0.1350110769, COPEPOD-2012  dispvol  (m12)            ,
     72.125,    13.625,         3,                  0.1466680616, COPEPOD-2012  dispvol  (m12)            ,
     72.125,    13.875,         3,                  0.1599992365, COPEPOD-2012  dispvol  (m12)            ,
     72.125,    16.875,         1,                  0.3199631870, COPEPOD-2012  dispvol  (m12)            ,
     72.375,    10.375,         1,                  0.0899911970, COPEPOD-2012  dispvol  (m12)            ,
     72.375,    10.625,         1,                  0.1100018546, COPEPOD-2012  dispvol  (m12)            ,
     72.375,    12.625,         4,                  0.1649963260, COPEPOD-2012  dispvol  (m12)            ,
     72.375,    13.125,         4,                  0.2250057757, COPEPOD-2012  dispvol  (m12)            ,
     72.375,    13.625,         3,                  0.1166610122, COPEPOD-2012  dispvol  (m12)            ,
     72.625,    12.625,         3,                  0.1633356959, COPEPOD-2012  dispvol  (m12)            ,
     72.625,    13.125,         2,                  0.0649974421, COPEPOD-2012  dispvol  (m12)            ,
     72.625,    13.625,         2,                  0.1199905947, COPEPOD-2012  dispvol  (m12)            ,
     72.625,    14.875,         1,                  0.0249976963, COPEPOD-2012  dispvol  (m12)            ,
     72.875,   -38.125,         1,                  0.0384591818, COPEPOD-2012  dispvol  (m12)            ,
     72.875,     7.875,         1,                  0.2199885249, COPEPOD-2012  dispvol  (m12)            ,
     72.875,     8.875,         1,                  0.1999861896, COPEPOD-2012  dispvol  (m12)            ,
     72.875,    12.875,         1,                  0.1200051904, COPEPOD-2012  dispvol  (m12)            ,
     72.875,    13.375,         1,                  0.1000000015, COPEPOD-2012  dispvol  (m12)            ,
     72.875,    14.375,         1,                  0.0500034541, COPEPOD-2012  dispvol  (m12)            ,
     72.875,    15.875,         1,                  1.0399202108, COPEPOD-2012  dispvol  (m12)            ,
     73.125,    10.875,         1,                  0.1999861896, COPEPOD-2012  dispvol  (m12)            ,
     73.125,    14.875,         1,                  0.0325012431, COPEPOD-2012  dispvol  (m12)            ,
     73.375,    12.125,         1,                  0.1299870312, COPEPOD-2012  dispvol  (m12)            ,
     73.375,    13.625,         3,                  0.2566567361, COPEPOD-2012  dispvol  (m12)            ,
     73.375,    14.875,         2,                  0.0515642501, COPEPOD-2012  dispvol  (m12)            ,
     73.625,     8.875,         1,                  0.1699808687, COPEPOD-2012  dispvol  (m12)            ,
     73.625,    10.625,         1,                  0.2299852520, COPEPOD-2012  dispvol  (m12)            ,
     73.625,    12.375,         1,                  0.5000345111, COPEPOD-2012  dispvol  (m12)            ,
     73.625,    14.875,         1,                  0.1000000015, COPEPOD-2012  dispvol  (m12)            ,
     73.875,     9.875,         1,                  0.2038449794, COPEPOD-2012  dispvol  (m12)            ,
     73.875,    10.125,         1,                  0.0800018460, COPEPOD-2012  dispvol  (m12)            ,
     73.875,    11.125,         1,                  0.1800113916, COPEPOD-2012  dispvol  (m12)            ,
     73.875,    11.375,         1,                  0.8000184298, COPEPOD-2012  dispvol  (m12)            ,
     73.875,    14.625,         1,                  1.1000185013, COPEPOD-2012  dispvol  (m12)            ,
     73.875,    14.875,         1,                  0.0333349630, COPEPOD-2012  dispvol  (m12)            ,
     74.125,     7.875,         2,                  0.3650246561, COPEPOD-2012  dispvol  (m12)            ,
     74.125,     8.875,         1,                  0.1599926502, COPEPOD-2012  dispvol  (m12)            ,
     74.125,    14.875,         1,                  0.0874983817, COPEPOD-2012  dispvol  (m12)            ,
     74.375,    10.375,         1,                  0.2299852520, COPEPOD-2012  dispvol  (m12)            ,
     74.375,    12.625,         1,                  0.8000184298, COPEPOD-2012  dispvol  (m12)            ,
     74.375,    13.875,         1,                  1.2998702526, COPEPOD-2012  dispvol  (m12)            ,
     74.625,     7.125,         1,                  0.2999853194, COPEPOD-2012  dispvol  (m12)            ,
     74.625,    12.875,         1,                  0.1999861896, COPEPOD-2012  dispvol  (m12)            ,
     74.875,     9.375,         1,                  0.1999861896, COPEPOD-2012  dispvol  (m12)            ,
     74.875,     9.625,         1,                  0.1699808687, COPEPOD-2012  dispvol  (m12)            ,
     74.875,    10.375,         1,                  0.1999861896, COPEPOD-2012  dispvol  (m12)            ,
     74.875,    11.125,         1,                  0.1699808687, COPEPOD-2012  dispvol  (m12)            ,
     74.875,    11.625,         1,                  1.2998702526, COPEPOD-2012  dispvol  (m12)            ,
     75.125,     7.375,         1,                  0.2800270617, COPEPOD-2012  dispvol  (m12)            ,
     75.125,     8.375,         1,                  0.1000000015, COPEPOD-2012  dispvol  (m12)            ,
     75.125,    10.375,         2,                  0.3300264180, COPEPOD-2012  dispvol  (m12)            ,
     75.125,    11.375,         1,                  0.2600159645, COPEPOD-2012  dispvol  (m12)            ,
     75.125,    11.875,         1,                  1.1000185013, COPEPOD-2012  dispvol  (m12)            ,
     75.375,     8.625,         2,                  0.4649738669, COPEPOD-2012  dispvol  (m12)            ,
     75.625,     8.625,         1,                  0.2999853194, COPEPOD-2012  dispvol  (m12)            ,
     75.625,    10.875,         2,                  1.1799613237, COPEPOD-2012  dispvol  (m12)            ,
     75.875,     9.625,         1,                  0.2999853194, COPEPOD-2012  dispvol  (m12)            ,
     76.125,     7.625,         2,                  0.2099906653, COPEPOD-2012  dispvol  (m12)            ,
     76.125,     8.375,         2,                  0.2899870276, COPEPOD-2012  dispvol  (m12)            ,
     76.125,     8.875,         1,                  0.0500034541, COPEPOD-2012  dispvol  (m12)            ,
     76.625,     8.375,         1,                  0.1699808687, COPEPOD-2012  dispvol  (m12)            ,
     76.875,     8.125,         1,                  0.2900013626, COPEPOD-2012  dispvol  (m12)            ,
     76.875,     8.375,         1,                  1.8001139164, COPEPOD-2012  dispvol  (m12)            ,
     77.875,   -12.625,         1,                  0.0214585289, COPEPOD-2012  dispvol  (m12)            ,
     77.875,   -11.125,         1,                  0.0121955108, COPEPOD-2012  dispvol  (m12)            ,
     77.875,    -8.875,         1,                  0.0213108137, COPEPOD-2012  dispvol  (m12)            ,
     77.875,    -4.875,         1,                  0.0170726143, COPEPOD-2012  dispvol  (m12)            ,
     77.875,    -1.625,         1,                  0.0387971625, COPEPOD-2012  dispvol  (m12)            ,
     77.875,     1.875,         1,                  0.0546260811, COPEPOD-2012  dispvol  (m12)            ,
     77.875,     3.125,         1,                  0.0370339528, COPEPOD-2012  dispvol  (m12)            ,
     77.875,     3.375,         1,                  0.0673907101, COPEPOD-2012  dispvol  (m12)            ,
     77.875,     4.375,         1,                  0.0501649044, COPEPOD-2012  dispvol  (m12)            ,
     77.875,     5.125,         1,                  0.0299571175, COPEPOD-2012  dispvol  (m12)            ,
     77.875,     5.375,         1,                  0.0899911970, COPEPOD-2012  dispvol  (m12)            ,
     77.875,     6.125,         1,                  0.0476211682, COPEPOD-2012  dispvol  (m12)            ,
     78.125,    -7.375,         1,                  0.0901571214, COPEPOD-2012  dispvol  (m12)            ,
     78.125,    -5.125,         1,                  0.1102046743, COPEPOD-2012  dispvol  (m12)            ,
     78.125,    -3.375,         1,                  0.0155560747, COPEPOD-2012  dispvol  (m12)            ,
     78.125,    -2.875,         1,                  0.0607435219, COPEPOD-2012  dispvol  (m12)            ,
     78.125,    -1.875,         1,                  0.0849962905, COPEPOD-2012  dispvol  (m12)            ,
     78.125,    -0.875,         2,                  0.0445341691, COPEPOD-2012  dispvol  (m12)            ,
     78.125,    -0.125,         1,                  0.0394094177, COPEPOD-2012  dispvol  (m12)            ,
     78.125,     0.125,         1,                  0.0949948356, COPEPOD-2012  dispvol  (m12)            ,
     78.125,     0.875,         1,                  0.0447713323, COPEPOD-2012  dispvol  (m12)            ,
     78.125,     1.125,         1,                  0.0515584610, COPEPOD-2012  dispvol  (m12)            ,
     78.125,     1.875,         1,                  0.0784693509, COPEPOD-2012  dispvol  (m12)            ,
     78.125,     6.375,         1,                  0.0396551862, COPEPOD-2012  dispvol  (m12)            ,
     78.125,     7.625,         1,                  0.0741993263, COPEPOD-2012  dispvol  (m12)            ,
     78.375,     5.375,         1,                  0.1900203079, COPEPOD-2012  dispvol  (m12)            ,
     82.625,    16.875,         2,                  0.3050063252, COPEPOD-2012  dispvol  (m12)            ,
     82.875,   -29.875,         1,                  0.0173900183, COPEPOD-2012  dispvol  (m12)            ,
     82.875,   -27.625,         1,                  0.0230780952, COPEPOD-2012  dispvol  (m12)            ,
     85.875,    -4.875,         1,                  0.0115371905, COPEPOD-2012  dispvol  (m12)            ,
     85.875,    -3.625,         1,                  0.0124997115, COPEPOD-2012  dispvol  (m12)            ,
     86.125,    -1.875,         1,                  0.0246660709, COPEPOD-2012  dispvol  (m12)            ,
     89.375,    -3.875,         1,                  0.0187801905, COPEPOD-2012  dispvol  (m12)            ,
     89.625,    -4.125,         1,                  0.0210280996, COPEPOD-2012  dispvol  (m12)            ,
     89.625,     5.375,         1,                  0.0143449819, COPEPOD-2012  dispvol  (m12)            ,
     90.125,     2.625,         1,                  0.0315791182, COPEPOD-2012  dispvol  (m12)            ,
     90.375,     0.125,         1,                  0.0692627952, COPEPOD-2012  dispvol  (m12)            ,
     90.625,    -1.875,         1,                  0.0179390740, COPEPOD-2012  dispvol  (m12)            ,
     90.875,    -6.125,         1,                  0.0138899265, COPEPOD-2012  dispvol  (m12)            ,
     91.375,    -0.125,         1,                  0.0209122133, COPEPOD-2012  dispvol  (m12)            ,
     92.375,     5.375,         1,                  0.0216471124, COPEPOD-2012  dispvol  (m12)            ,
     93.625,   -10.875,         1,                  0.0148696238, COPEPOD-2012  dispvol  (m12)            ,
     93.625,    -5.875,         1,                  0.0187801905, COPEPOD-2012  dispvol  (m12)            ,
     93.875,   -18.375,         1,                  0.0167378653, COPEPOD-2012  dispvol  (m12)            ,
     93.875,   -17.375,         1,                  0.0050164917, COPEPOD-2012  dispvol  (m12)            ,
     93.875,   -15.375,         1,                  0.0095785577, COPEPOD-2012  dispvol  (m12)            ,
     93.875,    -9.875,         1,                  0.0204456095, COPEPOD-2012  dispvol  (m12)            ,
     93.875,    -9.125,         1,                  0.0165958703, COPEPOD-2012  dispvol  (m12)            ,
     93.875,    -7.125,         1,                  0.0234746970, COPEPOD-2012  dispvol  (m12)            ,
     93.875,    -6.625,         1,                  0.0112098549, COPEPOD-2012  dispvol  (m12)            ,
     93.875,    -5.375,         1,                  0.0177010912, COPEPOD-2012  dispvol  (m12)            ,
     93.875,    -5.125,         1,                  0.0203610417, COPEPOD-2012  dispvol  (m12)            ,
     93.875,    -3.875,         1,                  0.0268225502, COPEPOD-2012  dispvol  (m12)            ,
     93.875,    -1.375,         1,                  0.0160768144, COPEPOD-2012  dispvol  (m12)            ,
     93.875,    -0.125,         1,                  0.0222792234, COPEPOD-2012  dispvol  (m12)            ,
     93.875,     5.375,         1,                  0.0159074273, COPEPOD-2012  dispvol  (m12)            ,
     94.125,   -12.375,         1,                  0.0106389811, COPEPOD-2012  dispvol  (m12)            ,
     94.125,    -9.375,         1,                  0.0123140235, COPEPOD-2012  dispvol  (m12)            ,
     94.125,    -8.125,         1,                  0.0117923394, COPEPOD-2012  dispvol  (m12)            ,
     94.125,    -4.125,         2,                  0.0135736112, COPEPOD-2012  dispvol  (m12)            ,
     94.125,    -2.625,         1,                  0.0325012431, COPEPOD-2012  dispvol  (m12)            ,
     94.375,   -13.875,         1,                  0.0107919518, COPEPOD-2012  dispvol  (m12)            ,
     94.375,     3.125,         1,                  0.0149245076, COPEPOD-2012  dispvol  (m12)            ,
     94.625,    -1.375,         1,                  0.0211251602, COPEPOD-2012  dispvol  (m12)            ,
     95.125,    -5.875,         1,                  0.0238122232, COPEPOD-2012  dispvol  (m12)            ,
     95.375,    -1.125,         1,                  0.0135737536, COPEPOD-2012  dispvol  (m12)            ,
     96.375,    -6.125,         1,                  0.0146352462, COPEPOD-2012  dispvol  (m12)            ,
     96.375,    -1.375,         1,                  0.0163945686, COPEPOD-2012  dispvol  (m12)            ,
     96.375,    -0.375,         1,                  0.0174984690, COPEPOD-2012  dispvol  (m12)            ,
     97.875,    -3.875,         1,                  0.0143449819, COPEPOD-2012  dispvol  (m12)            ,
     98.375,    -4.875,         1,                  0.0228139218, COPEPOD-2012  dispvol  (m12)            ,
     98.875,    -5.875,         1,                  0.0249976963, COPEPOD-2012  dispvol  (m12)            ,
    104.125,     3.125,         1,                  0.0190020297, COPEPOD-2012  dispvol  (m12)            ,
    104.375,     3.125,         1,                  0.0329989381, COPEPOD-2012  dispvol  (m12)            ,
    104.875,    -1.375,         1,                  0.0640029535, COPEPOD-2012  dispvol  (m12)            ,
    104.875,     3.125,         1,                  0.3090295494, COPEPOD-2012  dispvol  (m12)            ,
    105.125,     1.125,         1,                  0.1150005683, COPEPOD-2012  dispvol  (m12)            ,
    105.125,     1.875,         1,                  0.0460044630, COPEPOD-2012  dispvol  (m12)            ,
    105.375,    -1.125,         1,                  0.1850120425, COPEPOD-2012  dispvol  (m12)            ,
    105.375,    -0.125,         1,                  0.2229974866, COPEPOD-2012  dispvol  (m12)            ,
    105.375,     3.375,         1,                  0.0840039998, COPEPOD-2012  dispvol  (m12)            ,
    105.625,    -0.875,         1,                  0.0649979934, COPEPOD-2012  dispvol  (m12)            ,
    105.625,     1.125,         1,                  0.0710068122, COPEPOD-2012  dispvol  (m12)            ,
    105.625,     1.875,         1,                  0.0770016462, COPEPOD-2012  dispvol  (m12)            ,
    105.875,    -9.125,         1,                  0.0829850808, COPEPOD-2012  dispvol  (m12)            ,
    105.875,    -5.625,         1,                  0.6689597368, COPEPOD-2012  dispvol  (m12)            ,
    105.875,    -5.375,         2,                  0.1670083106, COPEPOD-2012  dispvol  (m12)            ,
    105.875,     1.125,         1,                  0.0419952385, COPEPOD-2012  dispvol  (m12)            ,
    105.875,     2.125,         1,                  0.0500034541, COPEPOD-2012  dispvol  (m12)            ,
    105.875,     3.375,         1,                  0.0479954444, COPEPOD-2012  dispvol  (m12)            ,
    106.125,    -5.875,         1,                  0.7530087233, COPEPOD-2012  dispvol  (m12)            ,
    106.125,    -5.625,         1,                  0.6549377441, COPEPOD-2012  dispvol  (m12)            ,
    106.125,    -5.375,         2,                  0.6889421344, COPEPOD-2012  dispvol  (m12)            ,
    106.125,    -0.625,         1,                  0.2870119512, COPEPOD-2012  dispvol  (m12)            ,
    106.125,     0.375,         1,                  0.0340016484, COPEPOD-2012  dispvol  (m12)            ,
    106.375,    -5.875,         1,                  0.1100018546, COPEPOD-2012  dispvol  (m12)            ,
    106.375,    -5.625,         2,                  0.1170038059, COPEPOD-2012  dispvol  (m12)            ,
    106.375,    -5.375,         1,                  0.3209962845, COPEPOD-2012  dispvol  (m12)            ,
    106.375,     0.625,         1,                  0.0629941151, COPEPOD-2012  dispvol  (m12)            ,
    106.375,     1.125,         1,                  0.0419952385, COPEPOD-2012  dispvol  (m12)            ,
    106.375,     2.125,         1,                  0.0519995950, COPEPOD-2012  dispvol  (m12)            ,
    106.625,    -5.625,         2,                  0.3290112913, COPEPOD-2012  dispvol  (m12)            ,
    106.625,    -5.375,         2,                  0.2209827602, COPEPOD-2012  dispvol  (m12)            ,
    106.625,    -1.625,         1,                  0.0960063711, COPEPOD-2012  dispvol  (m12)            ,
    106.625,     3.375,         1,                  0.0329989381, COPEPOD-2012  dispvol  (m12)            ,
    106.875,    -5.875,         1,                  0.0789950788, COPEPOD-2012  dispvol  (m12)            ,
    106.875,    -5.625,         2,                  0.1120013297, COPEPOD-2012  dispvol  (m12)            ,
    106.875,    -5.375,         2,                  0.1630029231, COPEPOD-2012  dispvol  (m12)            ,
    106.875,    -2.375,         1,                  0.0810027868, COPEPOD-2012  dispvol  (m12)            ,
    106.875,    -0.125,         1,                  0.1699808687, COPEPOD-2012  dispvol  (m12)            ,
    106.875,     1.125,         1,                  0.0550047196, COPEPOD-2012  dispvol  (m12)            ,
    106.875,     2.125,         1,                  0.3170297444, COPEPOD-2012  dispvol  (m12)            ,
    106.875,     3.375,         1,                  0.0530029498, COPEPOD-2012  dispvol  (m12)            ,
    107.125,    -5.875,         1,                  0.1690051854, COPEPOD-2012  dispvol  (m12)            ,
    107.125,    -5.625,         2,                  0.0810027942, COPEPOD-2012  dispvol  (m12)            ,
    107.125,    -5.375,         1,                  0.1549886763, COPEPOD-2012  dispvol  (m12)            ,
    107.125,    -1.125,         1,                  0.0659933165, COPEPOD-2012  dispvol  (m12)            ,
    107.375,   -12.125,         1,                  0.0941672623, COPEPOD-2012  dispvol  (m12)            ,
    107.375,    -2.125,         1,                  0.0729961544, COPEPOD-2012  dispvol  (m12)            ,
    107.375,     0.375,         1,                  0.1530030221, COPEPOD-2012  dispvol  (m12)            ,
    107.375,     2.125,         1,                  0.1019999608, COPEPOD-2012  dispvol  (m12)            ,
    107.375,     3.375,         1,                  0.0739945918, COPEPOD-2012  dispvol  (m12)            ,
    107.625,   -13.875,         1,                  0.0328927338, COPEPOD-2012  dispvol  (m12)            ,
    107.625,    -1.125,         1,                  0.0979941115, COPEPOD-2012  dispvol  (m12)            ,
    107.625,     1.625,         1,                  0.0849962905, COPEPOD-2012  dispvol  (m12)            ,
    107.875,    -1.875,         1,                  0.0219988488, COPEPOD-2012  dispvol  (m12)            ,
    107.875,     0.625,         1,                  0.1000000015, COPEPOD-2012  dispvol  (m12)            ,
    107.875,     2.375,         1,                  0.0710068122, COPEPOD-2012  dispvol  (m12)            ,
    107.875,     3.375,         1,                  0.0430031195, COPEPOD-2012  dispvol  (m12)            ,
    108.125,    -1.625,         1,                  0.0590065196, COPEPOD-2012  dispvol  (m12)            ,
    108.125,    -0.625,         1,                  0.1009950265, COPEPOD-2012  dispvol  (m12)            ,
    108.125,     0.875,         1,                  0.1500030309, COPEPOD-2012  dispvol  (m12)            ,
    108.375,    -0.375,         1,                  0.0920025706, COPEPOD-2012  dispvol  (m12)            ,
    108.375,     3.375,         1,                  0.0789950788, COPEPOD-2012  dispvol  (m12)            ,
    108.625,   -19.625,         1,                  0.0295460876, COPEPOD-2012  dispvol  (m12)            ,
    108.625,    -2.875,         1,                  0.1050025895, COPEPOD-2012  dispvol  (m12)            ,
    108.625,    -1.375,         1,                  0.0930036530, COPEPOD-2012  dispvol  (m12)            ,
    108.625,     2.375,         1,                  0.1170038059, COPEPOD-2012  dispvol  (m12)            ,
    108.875,    -1.125,         1,                  0.1050025895, COPEPOD-2012  dispvol  (m12)            ,
    108.875,    -0.125,         1,                  0.1339985132, COPEPOD-2012  dispvol  (m12)            ,
    108.875,     3.375,         1,                  0.0449987054, COPEPOD-2012  dispvol  (m12)            ,
    109.125,   -12.875,         1,                  0.0214289054, COPEPOD-2012  dispvol  (m12)            ,
    109.125,    -2.375,         1,                  0.0600067414, COPEPOD-2012  dispvol  (m12)            ,
    109.375,   -21.125,         1,                  0.0153850904, COPEPOD-2012  dispvol  (m12)            ,
    109.375,    -2.125,         1,                  0.0290001314, COPEPOD-2012  dispvol  (m12)            ,
    109.625,   -21.875,         1,                  0.0231472850, COPEPOD-2012  dispvol  (m12)            ,
    109.625,   -11.625,         1,                  0.0211251602, COPEPOD-2012  dispvol  (m12)            ,
    109.625,    -9.875,         1,                  0.0352127552, COPEPOD-2012  dispvol  (m12)            ,
    109.625,     2.875,         1,                  0.1519847512, COPEPOD-2012  dispvol  (m12)            ,
    109.875,    -1.875,         1,                  0.1339985132, COPEPOD-2012  dispvol  (m12)            ,
    109.875,     2.625,         1,                  0.0819973871, COPEPOD-2012  dispvol  (m12)            ,
    110.125,   -22.875,         1,                  0.0375577882, COPEPOD-2012  dispvol  (m12)            ,
    110.375,   -23.625,         1,                  0.0344032906, COPEPOD-2012  dispvol  (m12)            ,
    110.375,     2.125,         1,                  0.0490004383, COPEPOD-2012  dispvol  (m12)            ,
    110.625,   -12.875,         1,                  0.0606736317, COPEPOD-2012  dispvol  (m12)            ,
    110.625,     1.875,         1,                  0.0770016462, COPEPOD-2012  dispvol  (m12)            ,
    110.875,   -10.125,         1,                  0.0367959440, COPEPOD-2012  dispvol  (m12)            ,
    111.375,   -13.125,         1,                  0.0490230136, COPEPOD-2012  dispvol  (m12)            ,
    111.875,   -10.875,         1,                  0.0531006753, COPEPOD-2012  dispvol  (m12)            ,
    112.625,   -23.375,         1,                  0.0347856358, COPEPOD-2012  dispvol  (m12)            ,
    112.875,   -22.875,         1,                  0.0261999238, COPEPOD-2012  dispvol  (m12)            ,
    112.875,   -21.625,         1,                  0.0334965438, COPEPOD-2012  dispvol  (m12)            ,
    112.875,   -21.125,         1,                  0.0355631299, COPEPOD-2012  dispvol  (m12)            ,
    112.875,   -20.125,         1,                  0.0272709373, COPEPOD-2012  dispvol  (m12)            ,
    112.875,   -16.875,         1,                  0.0236973595, COPEPOD-2012  dispvol  (m12)            ,
    112.875,   -13.125,         1,                  0.0443302356, COPEPOD-2012  dispvol  (m12)            ,
    112.875,   -12.625,         1,                  0.0348257162, COPEPOD-2012  dispvol  (m12)            ,
    113.125,   -18.875,         1,                  0.0402531624, COPEPOD-2012  dispvol  (m12)            ,
    113.125,   -14.875,         1,                  0.0311099999, COPEPOD-2012  dispvol  (m12)            ,
    113.125,   -11.125,         1,                  0.0750066936, COPEPOD-2012  dispvol  (m12)            ,
    113.125,    -9.125,         1,                  0.0296142027, COPEPOD-2012  dispvol  (m12)            ,
    113.375,   -10.625,         1,                  0.0470868833, COPEPOD-2012  dispvol  (m12)            ,
    114.625,   -19.625,         1,                  0.0445348509, COPEPOD-2012  dispvol  (m12)            ,
    117.875,   -18.125,         1,                  0.0024154603, COPEPOD-2012  dispvol  (m12)            ,
    117.875,   -17.125,         1,                  0.0273968130, COPEPOD-2012  dispvol  (m12)            ,
    117.875,   -16.125,         1,                  0.0133321434, COPEPOD-2012  dispvol  (m12)            ,
    117.875,   -14.125,         1,                  0.0180177260, COPEPOD-2012  dispvol  (m12)            ,
    117.875,   -13.125,         1,                  0.0093907462, COPEPOD-2012  dispvol  (m12)            ,
    117.875,   -12.125,         1,                  0.0374973007, COPEPOD-2012  dispvol  (m12)            ,
    117.875,   -11.125,         1,                  0.0249976963, COPEPOD-2012  dispvol  (m12)            ,
    118.125,   -15.125,         1,                  0.0088879187, COPEPOD-2012  dispvol  (m12)            ,
    118.875,    -5.875,         1,                  0.1260085404, COPEPOD-2012  dispvol  (m12)            ,
    120.125,    -8.125,         2,                  0.2400455177, COPEPOD-2012  dispvol  (m12)            ,
    120.125,    -7.625,         1,                  0.1189871356, COPEPOD-2012  dispvol  (m12)            ,
    120.125,    -6.875,         1,                  0.0750066936, COPEPOD-2012  dispvol  (m12)            ,
    120.375,    -7.625,         1,                  0.1611016393, COPEPOD-2012  dispvol  (m12)            ,
    120.375,    -6.875,         1,                  0.1676100343, COPEPOD-2012  dispvol  (m12)            ,
    120.375,    -4.125,         1,                  0.2070141286, COPEPOD-2012  dispvol  (m12)            ,
    120.375,    -3.625,         1,                  0.0939939618, COPEPOD-2012  dispvol  (m12)            ,
    120.375,    -3.125,         1,                  0.3410358131, COPEPOD-2012  dispvol  (m12)            ,
    120.625,    -6.625,         1,                  0.0789950788, COPEPOD-2012  dispvol  (m12)            ,
    120.625,    -6.375,         1,                  0.1679190546, COPEPOD-2012  dispvol  (m12)            ,
    120.625,    -5.875,         2,                  0.0723026320, COPEPOD-2012  dispvol  (m12)            ,
    120.625,    -4.125,         1,                  0.3650059998, COPEPOD-2012  dispvol  (m12)            ,
    120.625,    -2.875,         1,                  0.3229981363, COPEPOD-2012  dispvol  (m12)            ,
    120.875,    -5.875,         1,                  0.0937993973, COPEPOD-2012  dispvol  (m12)            ,
    120.875,    -4.875,         1,                  0.1380066574, COPEPOD-2012  dispvol  (m12)            ,
    120.875,    -3.625,         1,                  0.0570033044, COPEPOD-2012  dispvol  (m12)            ,
    121.125,    -5.625,         2,                  0.0753572285, COPEPOD-2012  dispvol  (m12)            ,
    121.125,    -4.875,         1,                  0.1130056083, COPEPOD-2012  dispvol  (m12)            ,
    121.125,    -4.125,         1,                  0.1290030479, COPEPOD-2012  dispvol  (m12)            ,
    121.375,    -4.875,         1,                  0.1380066574, COPEPOD-2012  dispvol  (m12)            ,
    121.625,    -5.375,         2,                  0.0982986391, COPEPOD-2012  dispvol  (m12)            ,
    122.375,    -5.375,         1,                  0.1369934976, COPEPOD-2012  dispvol  (m12)            ,
    122.875,    -8.125,         1,                  0.1150005683, COPEPOD-2012  dispvol  (m12)            ,
    122.875,    -7.875,         1,                  0.4014209211, COPEPOD-2012  dispvol  (m12)            ,
    122.875,    -7.375,         2,                  0.1744362265, COPEPOD-2012  dispvol  (m12)            ,
    122.875,    -6.875,         2,                  0.1029505581, COPEPOD-2012  dispvol  (m12)            ,
    122.875,    -6.375,         2,                  0.0750441551, COPEPOD-2012  dispvol  (m12)            ,
    122.875,    -5.875,         1,                  0.0930036530, COPEPOD-2012  dispvol  (m12)            ,
    167.375,   -22.125,         1,                  0.0433012061, COPEPOD-2012  dispvol  (m12)            ,
    168.125,   -22.125,         1,                  0.0251999665, COPEPOD-2012  dispvol  (m12)            ,
    168.875,   -21.875,         1,                  0.0418986492, COPEPOD-2012  dispvol  (m12)            ,
    169.375,   -21.125,         1,                  0.0311028361, COPEPOD-2012  dispvol  (m12)            ,
    169.625,   -20.625,         1,                  0.0290001314, COPEPOD-2012  dispvol  (m12)            ,
   -162.125,     5.875,         2,                  0.0467001945, COPEPOD-2012  dispvol  (m12)            ,
   -161.875,     7.375,         2,                  0.0395482294, COPEPOD-2012  dispvol  (m12)            ,
   -161.375,     5.125,         2,                  0.1059437171, COPEPOD-2012  dispvol  (m12)            ,
   -160.375,    -3.625,         1,                  0.1006004736, COPEPOD-2012  dispvol  (m12)            ,
   -160.375,     3.375,         1,                  0.0419179499, COPEPOD-2012  dispvol  (m12)            ,
   -160.375,     4.125,         2,                  0.0898949802, COPEPOD-2012  dispvol  (m12)            ,
   -160.375,    16.125,         1,                  0.0419179499, COPEPOD-2012  dispvol  (m12)            ,
   -160.125,   -10.125,         1,                  0.0586813316, COPEPOD-2012  dispvol  (m12)            ,
   -160.125,    -9.375,         1,                  0.0419179499, COPEPOD-2012  dispvol  (m12)            ,
   -160.125,    -7.125,         1,                  0.0754570737, COPEPOD-2012  dispvol  (m12)            ,
   -160.125,    -6.375,         1,                  0.0377224572, COPEPOD-2012  dispvol  (m12)            ,
   -160.125,    -4.125,         1,                  0.0628781766, COPEPOD-2012  dispvol  (m12)            ,
   -160.125,    -1.125,         1,                  0.1760353893, COPEPOD-2012  dispvol  (m12)            ,
   -160.125,    -0.125,         1,                  0.1928412765, COPEPOD-2012  dispvol  (m12)            ,
   -160.125,     1.875,         1,                  0.0754570737, COPEPOD-2012  dispvol  (m12)            ,
   -160.125,     9.375,         1,                  0.0251478031, COPEPOD-2012  dispvol  (m12)            ,
   -160.125,    16.875,         1,                  0.0712524876, COPEPOD-2012  dispvol  (m12)            ,
   -160.125,    19.875,         1,                  0.0251478031, COPEPOD-2012  dispvol  (m12)            ,
   -159.875,     5.625,         1,                  0.1257476807, COPEPOD-2012  dispvol  (m12)            ,
   -159.875,     6.625,         1,                  0.0503037013, COPEPOD-2012  dispvol  (m12)            ,
   -159.875,    10.375,         1,                  0.0377224572, COPEPOD-2012  dispvol  (m12)            ,
   -159.875,    13.125,         1,                  0.0544878915, COPEPOD-2012  dispvol  (m12)            ,
   -159.875,    18.875,         1,                  0.0335351340, COPEPOD-2012  dispvol  (m12)            ,
   -159.125,     3.125,         2,                  0.0595019907, COPEPOD-2012  dispvol  (m12)            ,
   -158.625,    21.375,         1,                  0.0134989517, COPEPOD-2012  dispvol  (m12)            ,
   -158.375,    21.375,         1,                  0.0213993210, COPEPOD-2012  dispvol  (m12)            ,
   -157.875,     0.625,         1,                  0.0570952557, COPEPOD-2012  dispvol  (m12)            ,
   -157.875,     2.375,         2,                  0.0299998689, COPEPOD-2012  dispvol  (m12)            ,
   -157.625,     0.625,         1,                  0.0346976444, COPEPOD-2012  dispvol  (m12)            ,
   -157.625,    20.625,         1,                  0.0305984914, COPEPOD-2012  dispvol  (m12)            ,
   -156.125,    -0.625,         1,                  0.0549034886, COPEPOD-2012  dispvol  (m12)            ,
   -155.125,    -1.875,         2,                  0.0710002929, COPEPOD-2012  dispvol  (m12)            ,
   -154.375,    -0.875,         1,                  0.0378965810, COPEPOD-2012  dispvol  (m12)            ,
   -154.375,    -0.625,         1,                  0.0207014121, COPEPOD-2012  dispvol  (m12)            ,
   -153.125,    -0.125,         2,                  0.0596011505, COPEPOD-2012  dispvol  (m12)            ,
   -152.125,    12.125,         1,                  0.0139990980, COPEPOD-2012  dispvol  (m12)            ,
   -151.625,    -0.375,         1,                  0.0179019365, COPEPOD-2012  dispvol  (m12)            ,
   -151.625,     0.375,         1,                  0.0335969590, COPEPOD-2012  dispvol  (m12)            ,
   -150.125,     1.125,         2,                  0.0601039492, COPEPOD-2012  dispvol  (m12)            ,
   -150.125,     9.125,         1,                  0.0150003023, COPEPOD-2012  dispvol  (m12)            ,
   -148.625,     1.875,         2,                  0.0381980352, COPEPOD-2012  dispvol  (m12)            ,
   -148.375,     6.125,         1,                  0.0249976963, COPEPOD-2012  dispvol  (m12)            ,
   -147.875,     0.625,         2,                  0.0532522425, COPEPOD-2012  dispvol  (m12)            ,
   -146.875,    -0.625,         2,                  0.0417018645, COPEPOD-2012  dispvol  (m12)            ,
   -146.625,     3.125,         1,                  0.0340016484, COPEPOD-2012  dispvol  (m12)            ,
   -145.875,    -1.625,         1,                  0.0854082778, COPEPOD-2012  dispvol  (m12)            ,
   -145.875,     0.375,         1,                  0.0310027339, COPEPOD-2012  dispvol  (m12)            ,
   -145.625,    -1.625,         1,                  0.0696947351, COPEPOD-2012  dispvol  (m12)            ,
   -145.125,    -2.875,         1,                  0.0461955369, COPEPOD-2012  dispvol  (m12)            ,
   -144.875,    -2.875,         1,                  0.0319006853, COPEPOD-2012  dispvol  (m12)            ,
   -143.875,    -4.375,         1,                  0.0527958721, COPEPOD-2012  dispvol  (m12)            ,
   -143.875,    -4.125,         1,                  0.0421017371, COPEPOD-2012  dispvol  (m12)            ,
   -143.625,    -2.875,         1,                  0.0159992650, COPEPOD-2012  dispvol  (m12)            ,
   -143.125,    -5.125,         2,                  0.0298503563, COPEPOD-2012  dispvol  (m12)            ,
   -141.875,    -6.625,         2,                  0.0755986646, COPEPOD-2012  dispvol  (m12)            ,
   -141.875,    -5.875,         1,                  0.0280027017, COPEPOD-2012  dispvol  (m12)            ,
   -139.875,    -9.625,        16,                  0.0353121199, COPEPOD-2012  dispvol  (m12)            ,
   -125.875,    36.625,         1,                  0.1580156237, COPEPOD-2012  dispvol  (m12)            ,
   -125.625,    47.375,         1,                  0.0306972880, COPEPOD-2012  dispvol  (m12)            ,
   -125.375,    29.625,         1,                  0.0400036871, COPEPOD-2012  dispvol  (m12)            ,
   -125.375,    36.125,         1,                  0.0620011874, COPEPOD-2012  dispvol  (m12)            ,
   -125.125,    36.875,         1,                  0.8089095950, COPEPOD-2012  dispvol  (m12)            ,
   -125.125,    44.375,         1,                  0.4459642172, COPEPOD-2012  dispvol  (m12)            ,
   -125.125,    44.625,         2,                  0.1365028918, COPEPOD-2012  dispvol  (m12)            ,
   -125.125,    44.875,         1,                  0.2010018229, COPEPOD-2012  dispvol  (m12)            ,
   -125.125,    45.125,         2,                  0.0730033740, COPEPOD-2012  dispvol  (m12)            ,
   -125.125,    47.375,         1,                  0.0882876515, COPEPOD-2012  dispvol  (m12)            ,
   -124.875,    29.125,         1,                  0.0849962905, COPEPOD-2012  dispvol  (m12)            ,
   -124.875,    34.875,         1,                  0.0460044630, COPEPOD-2012  dispvol  (m12)            ,
   -124.875,    35.375,         1,                  0.0530029498, COPEPOD-2012  dispvol  (m12)            ,
   -124.875,    44.375,         4,                  0.1975197643, COPEPOD-2012  dispvol  (m12)            ,
   -124.875,    44.625,         3,                  0.0853298530, COPEPOD-2012  dispvol  (m12)            ,
   -124.875,    44.875,         1,                  0.0430031195, COPEPOD-2012  dispvol  (m12)            ,
   -124.875,    45.125,         2,                  0.0335016511, COPEPOD-2012  dispvol  (m12)            ,
   -124.875,    45.375,         2,                  0.0505045913, COPEPOD-2012  dispvol  (m12)            ,
   -124.875,    47.375,         1,                  0.0951042548, COPEPOD-2012  dispvol  (m12)            ,
   -124.625,    30.125,         1,                  0.0640029535, COPEPOD-2012  dispvol  (m12)            ,
   -124.625,    34.875,         1,                  0.3699985147, COPEPOD-2012  dispvol  (m12)            ,
   -124.625,    36.375,         1,                  0.1980158687, COPEPOD-2012  dispvol  (m12)            ,
   -124.625,    44.625,         1,                  0.0490004383, COPEPOD-2012  dispvol  (m12)            ,
   -124.375,    32.625,         2,                  0.0310027339, COPEPOD-2012  dispvol  (m12)            ,
   -124.375,    37.375,         1,                  0.4149540365, COPEPOD-2012  dispvol  (m12)            ,
   -124.375,    44.875,         1,                  0.1239938065, COPEPOD-2012  dispvol  (m12)            ,
   -124.375,    45.125,         2,                  0.0320000574, COPEPOD-2012  dispvol  (m12)            ,
   -124.375,    45.375,         1,                  0.0430031195, COPEPOD-2012  dispvol  (m12)            ,
   -124.125,    29.375,         1,                  0.0659933165, COPEPOD-2012  dispvol  (m12)            ,
   -124.125,    34.375,         1,                  0.0570033044, COPEPOD-2012  dispvol  (m12)            ,
   -124.125,    35.875,         2,                  0.1050049216, COPEPOD-2012  dispvol  (m12)            ,
   -124.125,    36.625,         1,                  0.1420038044, COPEPOD-2012  dispvol  (m12)            ,
   -124.125,    38.125,         1,                  0.0689921901, COPEPOD-2012  dispvol  (m12)            ,
   -123.875,    30.375,         3,                  0.0573364608, COPEPOD-2012  dispvol  (m12)            ,
   -123.875,    35.125,         3,                  0.2433232218, COPEPOD-2012  dispvol  (m12)            ,
   -123.875,    36.625,         2,                  0.5039727688, COPEPOD-2012  dispvol  (m12)            ,
   -123.875,    37.375,         1,                  0.2390011698, COPEPOD-2012  dispvol  (m12)            ,
   -123.625,    29.875,         1,                  0.0530029498, COPEPOD-2012  dispvol  (m12)            ,
   -123.625,    33.625,         1,                  0.1029911637, COPEPOD-2012  dispvol  (m12)            ,
   -123.625,    36.875,         2,                  0.1674924791, COPEPOD-2012  dispvol  (m12)            ,
   -123.625,    37.625,         3,                  0.2063428909, COPEPOD-2012  dispvol  (m12)            ,
   -123.625,    38.375,         1,                  0.1019999608, COPEPOD-2012  dispvol  (m12)            ,
   -123.375,    30.875,         1,                  0.0629941151, COPEPOD-2012  dispvol  (m12)            ,
   -123.375,    32.125,         1,                  0.0120005189, COPEPOD-2012  dispvol  (m12)            ,
   -123.375,    33.125,         1,                  0.0560015514, COPEPOD-2012  dispvol  (m12)            ,
   -123.375,    34.625,         2,                  0.0624968708, COPEPOD-2012  dispvol  (m12)            ,
   -123.375,    36.125,         3,                  0.2929924428, COPEPOD-2012  dispvol  (m12)            ,
   -123.375,    37.125,         1,                  0.3430046439, COPEPOD-2012  dispvol  (m12)            ,
   -123.375,    37.875,         2,                  0.3519831598, COPEPOD-2012  dispvol  (m12)            ,
   -123.375,    38.625,         1,                  0.1469941288, COPEPOD-2012  dispvol  (m12)            ,
   -123.125,    32.625,         2,                  0.0479954444, COPEPOD-2012  dispvol  (m12)            ,
   -123.125,    32.875,         1,                  0.0649979934, COPEPOD-2012  dispvol  (m12)            ,
   -123.125,    33.125,         6,                  0.0711691082, COPEPOD-2012  dispvol  (m12)            ,
   -123.125,    35.625,         3,                  0.3583326042, COPEPOD-2012  dispvol  (m12)            ,
   -123.125,    36.375,         2,                  0.1579922736, COPEPOD-2012  dispvol  (m12)            ,
   -123.125,    37.125,         3,                  0.1720076054, COPEPOD-2012  dispvol  (m12)            ,
   -123.125,    37.875,         4,                  0.2075019330, COPEPOD-2012  dispvol  (m12)            ,
   -122.875,    30.125,         1,                  0.0640029535, COPEPOD-2012  dispvol  (m12)            ,
   -122.875,    32.625,         2,                  0.0695014000, COPEPOD-2012  dispvol  (m12)            ,
   -122.875,    34.125,         2,                  0.1344929934, COPEPOD-2012  dispvol  (m12)            ,
   -122.875,    35.625,         1,                  0.2269864827, COPEPOD-2012  dispvol  (m12)            ,
   -122.875,    36.375,         3,                  0.2493281811, COPEPOD-2012  dispvol  (m12)            ,
   -122.875,    36.625,         1,                  0.2070141286, COPEPOD-2012  dispvol  (m12)            ,
   -122.875,    37.125,         4,                  0.1462469697, COPEPOD-2012  dispvol  (m12)            ,
   -122.875,    37.875,         2,                  0.1544871181, COPEPOD-2012  dispvol  (m12)            ,
   -122.625,    31.125,         2,                  0.0630036592, COPEPOD-2012  dispvol  (m12)            ,
   -122.625,    32.625,         2,                  0.0594996214, COPEPOD-2012  dispvol  (m12)            ,
   -122.625,    33.375,         8,                  0.1295026243, COPEPOD-2012  dispvol  (m12)            ,
   -122.625,    33.625,         1,                  0.2050217837, COPEPOD-2012  dispvol  (m12)            ,
   -122.625,    34.875,         3,                  0.2276751846, COPEPOD-2012  dispvol  (m12)            ,
   -122.625,    35.625,         1,                  0.1980158687, COPEPOD-2012  dispvol  (m12)            ,
   -122.625,    36.625,         1,                  0.1420038044, COPEPOD-2012  dispvol  (m12)            ,
   -122.625,    37.375,         2,                  0.1595105827, COPEPOD-2012  dispvol  (m12)            ,
   -122.375,    31.125,         2,                  0.0455022603, COPEPOD-2012  dispvol  (m12)            ,
   -122.375,    32.125,         1,                  0.0600067414, COPEPOD-2012  dispvol  (m12)            ,
   -122.375,    34.375,         2,                  0.2655074894, COPEPOD-2012  dispvol  (m12)            ,
   -122.375,    35.125,         2,                  0.2310118377, COPEPOD-2012  dispvol  (m12)            ,
   -122.375,    35.875,         4,                  0.3375008702, COPEPOD-2012  dispvol  (m12)            ,
   -122.375,    36.625,         3,                  0.3146497905, COPEPOD-2012  dispvol  (m12)            ,
   -122.375,    37.375,         3,                  0.3013217151, COPEPOD-2012  dispvol  (m12)            ,
   -122.125,    30.625,         2,                  0.0189985745, COPEPOD-2012  dispvol  (m12)            ,
   -122.125,    31.375,         2,                  0.0340018868, COPEPOD-2012  dispvol  (m12)            ,
   -122.125,    32.875,         4,                  0.0870000124, COPEPOD-2012  dispvol  (m12)            ,
   -122.125,    34.375,         2,                  0.1279955804, COPEPOD-2012  dispvol  (m12)            ,
   -122.125,    36.125,         1,                  0.0350025780, COPEPOD-2012  dispvol  (m12)            ,
   -122.125,    36.875,         5,                  0.1724025756, COPEPOD-2012  dispvol  (m12)            ,
   -121.875,    31.375,         4,                  0.0517490543, COPEPOD-2012  dispvol  (m12)            ,
   -121.875,    33.875,        10,                  0.1241008043, COPEPOD-2012  dispvol  (m12)            ,
   -121.875,    34.625,         3,                  0.1500018239, COPEPOD-2012  dispvol  (m12)            ,
   -121.875,    35.125,         1,                  0.0270022489, COPEPOD-2012  dispvol  (m12)            ,
   -121.875,    35.375,         4,                  0.1900040209, COPEPOD-2012  dispvol  (m12)            ,
   -121.875,    36.125,         4,                  0.2812480330, COPEPOD-2012  dispvol  (m12)            ,
   -121.875,    36.875,         2,                  0.2350074351, COPEPOD-2012  dispvol  (m12)            ,
   -121.625,    30.875,         3,                  0.1366635412, COPEPOD-2012  dispvol  (m12)            ,
   -121.625,    32.375,         2,                  0.1319999844, COPEPOD-2012  dispvol  (m12)            ,
   -121.625,    33.875,         1,                  0.0819973871, COPEPOD-2012  dispvol  (m12)            ,
   -121.625,    34.625,         4,                  0.2804780900, COPEPOD-2012  dispvol  (m12)            ,
   -121.625,    35.375,         1,                  0.0810027868, COPEPOD-2012  dispvol  (m12)            ,
   -121.625,    36.125,         3,                  0.1659960598, COPEPOD-2012  dispvol  (m12)            ,
   -121.375,    31.625,         4,                  0.1229900122, COPEPOD-2012  dispvol  (m12)            ,
   -121.375,    31.875,         2,                  0.0150003023, COPEPOD-2012  dispvol  (m12)            ,
   -121.375,    33.125,         4,                  0.1857374012, COPEPOD-2012  dispvol  (m12)            ,
   -121.375,    35.125,         1,                  0.0490004383, COPEPOD-2012  dispvol  (m12)            ,
   -121.375,    35.625,         7,                  0.1887073517, COPEPOD-2012  dispvol  (m12)            ,
   -121.125,    12.875,         2,                  0.0388938636, COPEPOD-2012  dispvol  (m12)            ,
   -121.125,    30.375,         2,                  0.0354994275, COPEPOD-2012  dispvol  (m12)            ,
   -121.125,    31.625,         1,                  0.1999861896, COPEPOD-2012  dispvol  (m12)            ,
   -121.125,    31.875,         2,                  0.0749982446, COPEPOD-2012  dispvol  (m12)            ,
   -121.125,    32.625,         3,                  0.2969889343, COPEPOD-2012  dispvol  (m12)            ,
   -121.125,    33.375,         1,                  0.0590065196, COPEPOD-2012  dispvol  (m12)            ,
   -121.125,    34.125,        10,                  0.1737990677, COPEPOD-2012  dispvol  (m12)            ,
   -121.125,    34.875,         5,                  0.1534121782, COPEPOD-2012  dispvol  (m12)            ,
   -121.125,    35.375,         1,                  0.0640029535, COPEPOD-2012  dispvol  (m12)            ,
   -120.875,    10.625,         2,                  0.0967327207, COPEPOD-2012  dispvol  (m12)            ,
   -120.875,    29.625,         4,                  0.0397511162, COPEPOD-2012  dispvol  (m12)            ,
   -120.875,    31.125,         6,                  0.0891633406, COPEPOD-2012  dispvol  (m12)            ,
   -120.875,    33.625,         8,                  0.2597453892, COPEPOD-2012  dispvol  (m12)            ,
   -120.875,    34.125,         1,                  0.1039920226, COPEPOD-2012  dispvol  (m12)            ,
   -120.875,    34.375,         7,                  0.1885708123, COPEPOD-2012  dispvol  (m12)            ,
   -120.875,    35.125,         3,                  0.2040160745, COPEPOD-2012  dispvol  (m12)            ,
   -120.875,    35.375,         1,                  0.0670038834, COPEPOD-2012  dispvol  (m12)            ,
   -120.625,     6.375,         2,                  0.0849172324, COPEPOD-2012  dispvol  (m12)            ,
   -120.625,     6.875,         2,                  0.0991973430, COPEPOD-2012  dispvol  (m12)            ,
   -120.625,     7.625,         2,                  0.0775018930, COPEPOD-2012  dispvol  (m12)            ,
   -120.625,     9.625,         2,                  0.0557765290, COPEPOD-2012  dispvol  (m12)            ,
   -120.625,    30.625,         3,                  0.0606699474, COPEPOD-2012  dispvol  (m12)            ,
   -120.625,    32.125,        12,                  0.0991691649, COPEPOD-2012  dispvol  (m12)            ,
   -120.625,    32.875,         1,                  0.0500034541, COPEPOD-2012  dispvol  (m12)            ,
   -120.625,    33.125,         1,                  0.1810089350, COPEPOD-2012  dispvol  (m12)            ,
   -120.625,    33.375,         1,                  0.1050025895, COPEPOD-2012  dispvol  (m12)            ,
   -120.625,    33.625,         2,                  0.1424986720, COPEPOD-2012  dispvol  (m12)            ,
   -120.625,    34.375,        14,                  0.0844979733, COPEPOD-2012  dispvol  (m12)            ,
   -120.625,    35.125,         3,                  0.1353396773, COPEPOD-2012  dispvol  (m12)            ,
   -120.375,   -61.125,         1,                  0.2427168936, COPEPOD-2012  dispvol  (m12)            ,
   -120.375,     9.875,         2,                  0.0909546167, COPEPOD-2012  dispvol  (m12)            ,
   -120.375,    21.375,         1,                  0.0150003023, COPEPOD-2012  dispvol  (m12)            ,
   -120.375,    31.375,         1,                  0.0540007688, COPEPOD-2012  dispvol  (m12)            ,
   -120.375,    32.125,         1,                  0.0570033044, COPEPOD-2012  dispvol  (m12)            ,
   -120.375,    32.875,         6,                  0.1708380729, COPEPOD-2012  dispvol  (m12)            ,
   -120.375,    33.125,         4,                  0.1265112758, COPEPOD-2012  dispvol  (m12)            ,
   -120.375,    33.625,         9,                  0.1612207294, COPEPOD-2012  dispvol  (m12)            ,
   -120.125,   -49.125,         3,                  0.2977926433, COPEPOD-2012  dispvol  (m12)            ,
   -120.125,   -44.125,         3,                  0.0454610921, COPEPOD-2012  dispvol  (m12)            ,
   -120.125,     6.875,         2,                  0.0813690200, COPEPOD-2012  dispvol  (m12)            ,
   -120.125,    29.875,         3,                  0.1119984314, COPEPOD-2012  dispvol  (m12)            ,
   -120.125,    30.125,         4,                  0.0462496877, COPEPOD-2012  dispvol  (m12)            ,
   -120.125,    31.375,         3,                  0.1300027519, COPEPOD-2012  dispvol  (m12)            ,
   -120.125,    31.625,         2,                  0.0925035104, COPEPOD-2012  dispvol  (m12)            ,
   -120.125,    32.375,         1,                  0.2229974866, COPEPOD-2012  dispvol  (m12)            ,
   -120.125,    33.125,         7,                  0.2402919829, COPEPOD-2012  dispvol  (m12)            ,
   -120.125,    33.375,         1,                  0.0590065196, COPEPOD-2012  dispvol  (m12)            ,
   -120.125,    33.875,        11,                  0.0781819150, COPEPOD-2012  dispvol  (m12)            ,
   -119.875,   -54.125,         5,                  0.2728976607, COPEPOD-2012  dispvol  (m12)            ,
   -119.875,    23.875,         1,                  0.0629941151, COPEPOD-2012  dispvol  (m12)            ,
   -119.875,    25.125,         1,                  0.0329989381, COPEPOD-2012  dispvol  (m12)            ,
   -119.875,    30.875,         3,                  0.0559986867, COPEPOD-2012  dispvol  (m12)            ,
   -119.875,    31.625,         1,                  0.4540461302, COPEPOD-2012  dispvol  (m12)            ,
   -119.875,    32.375,        12,                  0.2094888687, COPEPOD-2012  dispvol  (m12)            ,
   -119.875,    32.625,         1,                  0.0099999998, COPEPOD-2012  dispvol  (m12)            ,
   -119.875,    33.625,         3,                  0.0956671610, COPEPOD-2012  dispvol  (m12)            ,
   -119.875,    33.875,         4,                  0.0945002064, COPEPOD-2012  dispvol  (m12)            ,
   -119.875,    34.125,         4,                  0.0672499388, COPEPOD-2012  dispvol  (m12)            ,
   -119.875,    34.375,         4,                  0.0617495328, COPEPOD-2012  dispvol  (m12)            ,
   -119.625,   -40.125,         2,                  0.0956552476, COPEPOD-2012  dispvol  (m12)            ,
   -119.625,     7.375,         2,                  0.1087665111, COPEPOD-2012  dispvol  (m12)            ,
   -119.625,    24.125,         1,                  0.0260015931, COPEPOD-2012  dispvol  (m12)            ,
   -119.625,    29.375,         5,                  0.0352007523, COPEPOD-2012  dispvol  (m12)            ,
   -119.625,    30.375,         1,                  0.0460044630, COPEPOD-2012  dispvol  (m12)            ,
   -119.625,    31.125,         1,                  0.0519995950, COPEPOD-2012  dispvol  (m12)            ,
   -119.625,    31.875,         7,                  0.1305820644, COPEPOD-2012  dispvol  (m12)            ,
   -119.625,    32.625,         7,                  0.0907138512, COPEPOD-2012  dispvol  (m12)            ,
   -119.625,    33.375,         9,                  0.1593283266, COPEPOD-2012  dispvol  (m12)            ,
   -119.625,    33.875,         2,                  0.1284993440, COPEPOD-2012  dispvol  (m12)            ,
   -119.625,    34.125,        14,                  0.0855721459, COPEPOD-2012  dispvol  (m12)            ,
   -119.375,   -56.625,         3,                  0.2086219043, COPEPOD-2012  dispvol  (m12)            ,
   -119.375,     6.875,         2,                  0.1214344427, COPEPOD-2012  dispvol  (m12)            ,
   -119.375,    22.375,         1,                  0.0410015248, COPEPOD-2012  dispvol  (m12)            ,
   -119.375,    28.875,         3,                  0.0306672249, COPEPOD-2012  dispvol  (m12)            ,
   -119.375,    30.375,         7,                  0.1675818413, COPEPOD-2012  dispvol  (m12)            ,
   -119.375,    31.875,         1,                  0.0329989381, COPEPOD-2012  dispvol  (m12)            ,
   -119.375,    32.625,         7,                  0.0688557997, COPEPOD-2012  dispvol  (m12)            ,
   -119.375,    32.875,         3,                  0.1516532898, COPEPOD-2012  dispvol  (m12)            ,
   -119.375,    33.375,         7,                  0.0919966176, COPEPOD-2012  dispvol  (m12)            ,
   -119.375,    33.625,         1,                  0.2999853194, COPEPOD-2012  dispvol  (m12)            ,
   -119.375,    34.125,         9,                  0.0790049136, COPEPOD-2012  dispvol  (m12)            ,
   -119.125,     9.625,         2,                  0.0426719412, COPEPOD-2012  dispvol  (m12)            ,
   -119.125,    19.625,         1,                  0.0290001314, COPEPOD-2012  dispvol  (m12)            ,
   -119.125,    26.875,         1,                  0.0239993799, COPEPOD-2012  dispvol  (m12)            ,
   -119.125,    29.625,         1,                  0.0979941115, COPEPOD-2012  dispvol  (m12)            ,
   -119.125,    29.875,         4,                  0.0580008328, COPEPOD-2012  dispvol  (m12)            ,
   -119.125,    30.375,         1,                  0.0239993799, COPEPOD-2012  dispvol  (m12)            ,
   -119.125,    31.125,         2,                  0.1769886017, COPEPOD-2012  dispvol  (m12)            ,
   -119.125,    31.375,         5,                  0.1941969246, COPEPOD-2012  dispvol  (m12)            ,
   -119.125,    31.875,         4,                  0.0922563970, COPEPOD-2012  dispvol  (m12)            ,
   -119.125,    32.625,         1,                  0.0380014367, COPEPOD-2012  dispvol  (m12)            ,
   -119.125,    33.875,         7,                  0.0762872100, COPEPOD-2012  dispvol  (m12)            ,
   -119.125,    34.125,         6,                  0.0258343983, COPEPOD-2012  dispvol  (m12)            ,
   -118.875,    -2.875,         2,                  0.0948071033, COPEPOD-2012  dispvol  (m12)            ,
   -118.875,    -2.625,         2,                  0.1220917702, COPEPOD-2012  dispvol  (m12)            ,
   -118.875,     1.875,         2,                  0.1594830751, COPEPOD-2012  dispvol  (m12)            ,
   -118.875,     3.875,         2,                  0.1048548818, COPEPOD-2012  dispvol  (m12)            ,
   -118.875,     7.375,         2,                  0.0483035445, COPEPOD-2012  dispvol  (m12)            ,
   -118.875,     8.875,         2,                  0.0995607376, COPEPOD-2012  dispvol  (m12)            ,
   -118.875,    10.875,         2,                  0.2564791739, COPEPOD-2012  dispvol  (m12)            ,
   -118.875,    11.625,         2,                  0.0637693033, COPEPOD-2012  dispvol  (m12)            ,
   -118.875,    12.125,         2,                  0.0611367449, COPEPOD-2012  dispvol  (m12)            ,
   -118.875,    12.875,         2,                  0.0577774271, COPEPOD-2012  dispvol  (m12)            ,
   -118.875,    13.625,         2,                  0.0605377406, COPEPOD-2012  dispvol  (m12)            ,
   -118.875,    14.375,         2,                  0.0530313216, COPEPOD-2012  dispvol  (m12)            ,
   -118.875,    15.125,         2,                  0.0530621707, COPEPOD-2012  dispvol  (m12)            ,
   -118.875,    15.875,         2,                  0.0395130068, COPEPOD-2012  dispvol  (m12)            ,
   -118.875,    19.375,         1,                  0.0310027339, COPEPOD-2012  dispvol  (m12)            ,
   -118.875,    19.875,         2,                  0.0348296985, COPEPOD-2012  dispvol  (m12)            ,
   -118.875,    28.125,         1,                  0.0440047905, COPEPOD-2012  dispvol  (m12)            ,
   -118.875,    28.375,         4,                  0.1425058693, COPEPOD-2012  dispvol  (m12)            ,
   -118.875,    29.875,         1,                  0.0229985286, COPEPOD-2012  dispvol  (m12)            ,
   -118.875,    30.625,         8,                  0.0607496276, COPEPOD-2012  dispvol  (m12)            ,
   -118.875,    31.375,         5,                  0.0860026106, COPEPOD-2012  dispvol  (m12)            ,
   -118.875,    31.625,         2,                  0.0209990647, COPEPOD-2012  dispvol  (m12)            ,
   -118.875,    32.125,        11,                  0.1035434529, COPEPOD-2012  dispvol  (m12)            ,
   -118.875,    32.875,        14,                  0.0914304852, COPEPOD-2012  dispvol  (m12)            ,
   -118.875,    33.625,         9,                  0.1237798929, COPEPOD-2012  dispvol  (m12)            ,
   -118.875,    34.125,         2,                  0.0875036344, COPEPOD-2012  dispvol  (m12)            ,
   -118.625,    -1.875,         2,                  0.0881278366, COPEPOD-2012  dispvol  (m12)            ,
   -118.625,    -1.375,         2,                  0.0872195810, COPEPOD-2012  dispvol  (m12)            ,
   -118.625,    -0.625,         2,                  0.0761601627, COPEPOD-2012  dispvol  (m12)            ,
   -118.625,    -0.375,         2,                  0.2018700242, COPEPOD-2012  dispvol  (m12)            ,
   -118.625,     0.375,         2,                  0.1246222854, COPEPOD-2012  dispvol  (m12)            ,
   -118.625,     0.875,         2,                  0.0717703998, COPEPOD-2012  dispvol  (m12)            ,
   -118.625,     1.375,         2,                  0.0720864683, COPEPOD-2012  dispvol  (m12)            ,
   -118.625,     2.625,         2,                  0.1793798804, COPEPOD-2012  dispvol  (m12)            ,
   -118.625,     3.125,         2,                  0.0828091949, COPEPOD-2012  dispvol  (m12)            ,
   -118.625,     4.125,         2,                  0.1122857109, COPEPOD-2012  dispvol  (m12)            ,
   -118.625,     4.875,         2,                  0.0889520049, COPEPOD-2012  dispvol  (m12)            ,
   -118.625,     5.375,         2,                  0.0831655264, COPEPOD-2012  dispvol  (m12)            ,
   -118.625,     6.125,         2,                  0.0579841807, COPEPOD-2012  dispvol  (m12)            ,
   -118.625,     6.625,         2,                  0.0549301431, COPEPOD-2012  dispvol  (m12)            ,
   -118.625,     7.625,         2,                  0.0362335071, COPEPOD-2012  dispvol  (m12)            ,
   -118.625,     8.375,         2,                  0.0504329279, COPEPOD-2012  dispvol  (m12)            ,
   -118.625,    16.375,         2,                  0.0377932265, COPEPOD-2012  dispvol  (m12)            ,
   -118.625,    17.375,         2,                  0.0459037721, COPEPOD-2012  dispvol  (m12)            ,
   -118.625,    17.875,         2,                  0.0223770700, COPEPOD-2012  dispvol  (m12)            ,
   -118.625,    18.625,         2,                  0.0557513982, COPEPOD-2012  dispvol  (m12)            ,
   -118.625,    27.625,         4,                  0.0465012453, COPEPOD-2012  dispvol  (m12)            ,
   -118.625,    29.125,         4,                  0.0300014745, COPEPOD-2012  dispvol  (m12)            ,
   -118.625,    30.625,         1,                  0.0620011874, COPEPOD-2012  dispvol  (m12)            ,
   -118.625,    31.625,         6,                  0.1233257428, COPEPOD-2012  dispvol  (m12)            ,
   -118.625,    32.375,         6,                  0.0804990008, COPEPOD-2012  dispvol  (m12)            ,
   -118.625,    33.125,         1,                  0.0739945918, COPEPOD-2012  dispvol  (m12)            ,
   -118.625,    33.875,        17,                  0.0742373988, COPEPOD-2012  dispvol  (m12)            ,
   -118.375,    16.625,         1,                  0.0649979934, COPEPOD-2012  dispvol  (m12)            ,
   -118.375,    26.125,         2,                  0.0360004082, COPEPOD-2012  dispvol  (m12)            ,
   -118.375,    26.375,         1,                  0.0460044630, COPEPOD-2012  dispvol  (m12)            ,
   -118.375,    28.375,         1,                  0.0219988488, COPEPOD-2012  dispvol  (m12)            ,
   -118.375,    28.625,         5,                  0.1596007794, COPEPOD-2012  dispvol  (m12)            ,
   -118.375,    29.375,         2,                  0.0585013852, COPEPOD-2012  dispvol  (m12)            ,
   -118.375,    30.125,         6,                  0.1495117545, COPEPOD-2012  dispvol  (m12)            ,
   -118.375,    30.875,         2,                  0.0460044630, COPEPOD-2012  dispvol  (m12)            ,
   -118.375,    31.625,         3,                  0.0966673791, COPEPOD-2012  dispvol  (m12)            ,
   -118.375,    33.125,        15,                  0.1352723390, COPEPOD-2012  dispvol  (m12)            ,
   -118.375,    33.375,         2,                  0.0565017685, COPEPOD-2012  dispvol  (m12)            ,
   -118.375,    33.625,         4,                  0.0795030147, COPEPOD-2012  dispvol  (m12)            ,
   -118.375,    33.875,        11,                  0.2475487292, COPEPOD-2012  dispvol  (m12)            ,
   -118.125,    25.125,         1,                  0.1229985580, COPEPOD-2012  dispvol  (m12)            ,
   -118.125,    27.125,         4,                  0.0622493923, COPEPOD-2012  dispvol  (m12)            ,
   -118.125,    29.375,         2,                  0.2060136646, COPEPOD-2012  dispvol  (m12)            ,
   -118.125,    29.625,         7,                  0.0561430417, COPEPOD-2012  dispvol  (m12)            ,
   -118.125,    30.125,         1,                  0.0519995950, COPEPOD-2012  dispvol  (m12)            ,
   -118.125,    30.375,         1,                  0.0209990647, COPEPOD-2012  dispvol  (m12)            ,
   -118.125,    30.875,         4,                  0.0784954354, COPEPOD-2012  dispvol  (m12)            ,
   -118.125,    31.125,         4,                  0.0612470731, COPEPOD-2012  dispvol  (m12)            ,
   -118.125,    31.625,         2,                  0.0645011440, COPEPOD-2012  dispvol  (m12)            ,
   -118.125,    31.875,         3,                  0.0896666870, COPEPOD-2012  dispvol  (m12)            ,
   -118.125,    32.375,         9,                  0.1085555777, COPEPOD-2012  dispvol  (m12)            ,
   -118.125,    32.625,         2,                  0.0605032369, COPEPOD-2012  dispvol  (m12)            ,
   -118.125,    33.375,         6,                  0.0978392959, COPEPOD-2012  dispvol  (m12)            ,
   -118.125,    33.625,         5,                  0.1501960158, COPEPOD-2012  dispvol  (m12)            ,
   -117.875,    21.375,         1,                  0.0729961544, COPEPOD-2012  dispvol  (m12)            ,
   -117.875,    23.375,         1,                  0.0530029498, COPEPOD-2012  dispvol  (m12)            ,
   -117.875,    26.375,         1,                  0.0689921901, COPEPOD-2012  dispvol  (m12)            ,
   -117.875,    26.625,         5,                  0.0551981218, COPEPOD-2012  dispvol  (m12)            ,
   -117.875,    28.125,         5,                  0.0827976912, COPEPOD-2012  dispvol  (m12)            ,
   -117.875,    28.375,         1,                  0.0430031195, COPEPOD-2012  dispvol  (m12)            ,
   -117.875,    28.875,         2,                  0.0964911804, COPEPOD-2012  dispvol  (m12)            ,
   -117.875,    29.125,         1,                  0.0570033044, COPEPOD-2012  dispvol  (m12)            ,
   -117.875,    30.375,         2,                  0.0544956289, COPEPOD-2012  dispvol  (m12)            ,
   -117.875,    31.125,         2,                  0.0799972862, COPEPOD-2012  dispvol  (m12)            ,
   -117.875,    31.875,        10,                  0.0679995045, COPEPOD-2012  dispvol  (m12)            ,
   -117.875,    32.625,         7,                  0.0779955834, COPEPOD-2012  dispvol  (m12)            ,
   -117.875,    33.375,        33,                  0.0662417263, COPEPOD-2012  dispvol  (m12)            ,
   -117.625,    23.125,         1,                  0.0449987054, COPEPOD-2012  dispvol  (m12)            ,
   -117.625,    24.875,         1,                  0.1480130553, COPEPOD-2012  dispvol  (m12)            ,
   -117.625,    26.875,         1,                  0.0550047196, COPEPOD-2012  dispvol  (m12)            ,
   -117.625,    27.375,         3,                  0.0733305216, COPEPOD-2012  dispvol  (m12)            ,
   -117.625,    27.625,         1,                  0.1139987335, COPEPOD-2012  dispvol  (m12)            ,
   -117.625,    28.125,         2,                  0.0604974106, COPEPOD-2012  dispvol  (m12)            ,
   -117.625,    28.875,        11,                  0.1368229091, COPEPOD-2012  dispvol  (m12)            ,
   -117.625,    29.625,         3,                  0.0456673950, COPEPOD-2012  dispvol  (m12)            ,
   -117.625,    30.375,         5,                  0.1033945829, COPEPOD-2012  dispvol  (m12)            ,
   -117.625,    31.125,         1,                  0.0689921901, COPEPOD-2012  dispvol  (m12)            ,
   -117.625,    32.875,        13,                  0.0685358718, COPEPOD-2012  dispvol  (m12)            ,
   -117.625,    33.125,         6,                  0.0445008576, COPEPOD-2012  dispvol  (m12)            ,
   -117.375,    28.375,         9,                  0.0806662291, COPEPOD-2012  dispvol  (m12)            ,
   -117.375,    29.125,         3,                  0.0743377805, COPEPOD-2012  dispvol  (m12)            ,
   -117.375,    29.875,         7,                  0.1262876540, COPEPOD-2012  dispvol  (m12)            ,
   -117.375,    30.625,         5,                  0.1004002690, COPEPOD-2012  dispvol  (m12)            ,
   -117.375,    31.375,         9,                  0.0531099215, COPEPOD-2012  dispvol  (m12)            ,
   -117.375,    31.625,         1,                  0.0440047905, COPEPOD-2012  dispvol  (m12)            ,
   -117.375,    32.125,        14,                  0.0852171928, COPEPOD-2012  dispvol  (m12)            ,
   -117.375,    32.375,         1,                  0.0590065196, COPEPOD-2012  dispvol  (m12)            ,
   -117.375,    32.625,         2,                  0.1304925680, COPEPOD-2012  dispvol  (m12)            ,
   -117.375,    32.875,        22,                  0.0692266598, COPEPOD-2012  dispvol  (m12)            ,
   -117.375,    33.125,         3,                  0.0653271079, COPEPOD-2012  dispvol  (m12)            ,
   -117.125,    21.375,         1,                  0.0260015931, COPEPOD-2012  dispvol  (m12)            ,
   -117.125,    26.875,         7,                  0.0894326940, COPEPOD-2012  dispvol  (m12)            ,
   -117.125,    27.625,         2,                  0.0649991930, COPEPOD-2012  dispvol  (m12)            ,
   -117.125,    29.375,         2,                  0.0434998535, COPEPOD-2012  dispvol  (m12)            ,
   -117.125,    29.875,         1,                  0.0159992650, COPEPOD-2012  dispvol  (m12)            ,
   -117.125,    30.125,         4,                  0.0477503277, COPEPOD-2012  dispvol  (m12)            ,
   -117.125,    30.625,         1,                  0.0380014367, COPEPOD-2012  dispvol  (m12)            ,
   -117.125,    30.875,         6,                  0.0609960146, COPEPOD-2012  dispvol  (m12)            ,
   -117.125,    31.375,         2,                  0.0814961046, COPEPOD-2012  dispvol  (m12)            ,
   -117.125,    31.625,         3,                  0.0503322817, COPEPOD-2012  dispvol  (m12)            ,
   -117.125,    32.125,         4,                  0.0997468978, COPEPOD-2012  dispvol  (m12)            ,
   -117.125,    32.375,         9,                  0.1248848438, COPEPOD-2012  dispvol  (m12)            ,
   -117.125,    32.625,         2,                  0.0385035984, COPEPOD-2012  dispvol  (m12)            ,
   -116.875,    27.125,         2,                  0.1405043006, COPEPOD-2012  dispvol  (m12)            ,
   -116.875,    27.625,         1,                  0.0340016484, COPEPOD-2012  dispvol  (m12)            ,
   -116.875,    27.875,         6,                  0.0766671374, COPEPOD-2012  dispvol  (m12)            ,
   -116.875,    28.625,         2,                  0.0760055035, COPEPOD-2012  dispvol  (m12)            ,
   -116.875,    29.375,         8,                  0.1027548313, COPEPOD-2012  dispvol  (m12)            ,
   -116.875,    30.875,         6,                  0.0818327665, COPEPOD-2012  dispvol  (m12)            ,
   -116.875,    31.625,        10,                  0.0838020965, COPEPOD-2012  dispvol  (m12)            ,
   -116.625,    27.125,         7,                  0.0657141507, COPEPOD-2012  dispvol  (m12)            ,
   -116.625,    27.875,         2,                  0.0875037536, COPEPOD-2012  dispvol  (m12)            ,
   -116.625,    28.625,         8,                  0.1345041096, COPEPOD-2012  dispvol  (m12)            ,
   -116.625,    28.875,         1,                  0.0249976963, COPEPOD-2012  dispvol  (m12)            ,
   -116.625,    29.375,         6,                  0.0543324612, COPEPOD-2012  dispvol  (m12)            ,
   -116.625,    30.125,         9,                  0.0773384273, COPEPOD-2012  dispvol  (m12)            ,
   -116.625,    30.875,         3,                  0.0803381056, COPEPOD-2012  dispvol  (m12)            ,
   -116.625,    31.125,         1,                  0.0460044630, COPEPOD-2012  dispvol  (m12)            ,
   -116.625,    31.625,         8,                  0.2227573246, COPEPOD-2012  dispvol  (m12)            ,
   -116.375,    20.125,         1,                  0.0679986030, COPEPOD-2012  dispvol  (m12)            ,
   -116.375,    23.125,         1,                  0.0310027339, COPEPOD-2012  dispvol  (m12)            ,
   -116.375,    27.125,         2,                  0.0925043821, COPEPOD-2012  dispvol  (m12)            ,
   -116.375,    28.125,         5,                  0.1545919478, COPEPOD-2012  dispvol  (m12)            ,
   -116.375,    28.875,         6,                  0.0471654125, COPEPOD-2012  dispvol  (m12)            ,
   -116.375,    29.625,        10,                  0.0838975459, COPEPOD-2012  dispvol  (m12)            ,
   -116.375,    30.375,        11,                  0.1049985811, COPEPOD-2012  dispvol  (m12)            ,
   -116.375,    31.125,        15,                  0.1365344673, COPEPOD-2012  dispvol  (m12)            ,
   -116.125,    25.625,         1,                  0.0770016462, COPEPOD-2012  dispvol  (m12)            ,
   -116.125,    26.625,         5,                  0.0666024908, COPEPOD-2012  dispvol  (m12)            ,
   -116.125,    27.375,         4,                  0.0722480267, COPEPOD-2012  dispvol  (m12)            ,
   -116.125,    28.125,         2,                  0.1509966105, COPEPOD-2012  dispvol  (m12)            ,
   -116.125,    29.125,         1,                  0.0169980843, COPEPOD-2012  dispvol  (m12)            ,
   -116.125,    29.875,         7,                  0.0718586519, COPEPOD-2012  dispvol  (m12)            ,
   -116.125,    30.375,        17,                  0.1091763526, COPEPOD-2012  dispvol  (m12)            ,
   -115.875,    15.625,         1,                  0.0400036871, COPEPOD-2012  dispvol  (m12)            ,
   -115.875,    17.625,         1,                  0.0150003023, COPEPOD-2012  dispvol  (m12)            ,
   -115.875,    17.875,         1,                  0.0479954444, COPEPOD-2012  dispvol  (m12)            ,
   -115.875,    25.875,         1,                  0.0659933165, COPEPOD-2012  dispvol  (m12)            ,
   -115.875,    26.125,         4,                  0.0775001049, COPEPOD-2012  dispvol  (m12)            ,
   -115.875,    26.875,         4,                  0.0994978845, COPEPOD-2012  dispvol  (m12)            ,
   -115.875,    27.625,         9,                  0.0641120225, COPEPOD-2012  dispvol  (m12)            ,
   -115.875,    28.375,         5,                  0.0449991040, COPEPOD-2012  dispvol  (m12)            ,
   -115.875,    28.875,         1,                  0.1079940945, COPEPOD-2012  dispvol  (m12)            ,
   -115.875,    29.125,         7,                  0.0771456733, COPEPOD-2012  dispvol  (m12)            ,
   -115.875,    29.625,         1,                  0.5839827061, COPEPOD-2012  dispvol  (m12)            ,
   -115.875,    29.875,        15,                  0.1094649136, COPEPOD-2012  dispvol  (m12)            ,
   -115.625,    26.875,         7,                  0.1074288487, COPEPOD-2012  dispvol  (m12)            ,
   -115.625,    27.125,         1,                  0.0759976208, COPEPOD-2012  dispvol  (m12)            ,
   -115.625,    27.625,         9,                  0.0865534842, COPEPOD-2012  dispvol  (m12)            ,
   -115.625,    28.375,         7,                  0.0741411448, COPEPOD-2012  dispvol  (m12)            ,
   -115.625,    28.625,         1,                  0.0290001314, COPEPOD-2012  dispvol  (m12)            ,
   -115.625,    29.125,         9,                  0.0885522887, COPEPOD-2012  dispvol  (m12)            ,
   -115.375,   -56.875,         1,                  0.0447713323, COPEPOD-2012  dispvol  (m12)            ,
   -115.375,    19.125,         1,                  0.0190020297, COPEPOD-2012  dispvol  (m12)            ,
   -115.375,    22.375,         1,                  0.0689921901, COPEPOD-2012  dispvol  (m12)            ,
   -115.375,    25.375,         6,                  0.0713336840, COPEPOD-2012  dispvol  (m12)            ,
   -115.375,    26.125,         4,                  0.0502468944, COPEPOD-2012  dispvol  (m12)            ,
   -115.375,    26.375,         1,                  0.0490004383, COPEPOD-2012  dispvol  (m12)            ,
   -115.375,    27.875,         1,                  0.1669936627, COPEPOD-2012  dispvol  (m12)            ,
   -115.375,    28.375,         5,                  0.0693970174, COPEPOD-2012  dispvol  (m12)            ,
   -115.375,    28.625,         7,                  0.0707104430, COPEPOD-2012  dispvol  (m12)            ,
   -115.375,    28.875,         2,                  0.0594974235, COPEPOD-2012  dispvol  (m12)            ,
   -115.375,    29.375,        11,                  0.1820002049, COPEPOD-2012  dispvol  (m12)            ,
   -115.125,   -56.125,         2,                  0.2108264267, COPEPOD-2012  dispvol  (m12)            ,
   -115.125,    24.875,         2,                  0.0204988420, COPEPOD-2012  dispvol  (m12)            ,
   -115.125,    25.625,         2,                  0.0815027729, COPEPOD-2012  dispvol  (m12)            ,
   -115.125,    26.375,         8,                  0.0865017697, COPEPOD-2012  dispvol  (m12)            ,
   -115.125,    27.125,         7,                  0.0770019144, COPEPOD-2012  dispvol  (m12)            ,
   -115.125,    27.875,         5,                  0.1542094201, COPEPOD-2012  dispvol  (m12)            ,
   -115.125,    29.125,         1,                  0.0670038834, COPEPOD-2012  dispvol  (m12)            ,
   -115.125,    29.375,         7,                  0.2008622587, COPEPOD-2012  dispvol  (m12)            ,
   -114.875,   -54.875,         1,                  0.0340408161, COPEPOD-2012  dispvol  (m12)            ,
   -114.875,    25.625,         1,                  0.0340016484, COPEPOD-2012  dispvol  (m12)            ,
   -114.875,    25.875,         4,                  0.0889952779, COPEPOD-2012  dispvol  (m12)            ,
   -114.875,    26.375,         1,                  0.0780009627, COPEPOD-2012  dispvol  (m12)            ,
   -114.875,    26.625,         5,                  0.0803983063, COPEPOD-2012  dispvol  (m12)            ,
   -114.875,    27.125,         4,                  0.0547492206, COPEPOD-2012  dispvol  (m12)            ,
   -114.875,    27.375,         5,                  0.0899965316, COPEPOD-2012  dispvol  (m12)            ,
   -114.875,    28.125,         8,                  0.1958808601, COPEPOD-2012  dispvol  (m12)            ,
   -114.875,    28.375,         6,                  0.0475018173, COPEPOD-2012  dispvol  (m12)            ,
   -114.875,    28.875,        10,                  0.1519038826, COPEPOD-2012  dispvol  (m12)            ,
   -114.875,    29.125,         1,                  0.1139987335, COPEPOD-2012  dispvol  (m12)            ,
   -114.625,    24.375,         2,                  0.0684980303, COPEPOD-2012  dispvol  (m12)            ,
   -114.625,    25.875,         3,                  0.0510021299, COPEPOD-2012  dispvol  (m12)            ,
   -114.625,    26.625,         2,                  0.0830033422, COPEPOD-2012  dispvol  (m12)            ,
   -114.625,    26.875,         1,                  0.0860003009, COPEPOD-2012  dispvol  (m12)            ,
   -114.625,    27.375,        15,                  0.0626677796, COPEPOD-2012  dispvol  (m12)            ,
   -114.625,    28.125,         7,                  0.1224286631, COPEPOD-2012  dispvol  (m12)            ,
   -114.625,    28.875,        12,                  0.0883330181, COPEPOD-2012  dispvol  (m12)            ,
   -114.375,    25.125,         2,                  0.0369992219, COPEPOD-2012  dispvol  (m12)            ,
   -114.375,    25.875,         1,                  0.0880035013, COPEPOD-2012  dispvol  (m12)            ,
   -114.375,    26.625,         5,                  0.0944009274, COPEPOD-2012  dispvol  (m12)            ,
   -114.375,    27.875,         1,                  0.0229985286, COPEPOD-2012  dispvol  (m12)            ,
   -114.375,    28.125,         1,                  0.0129987011, COPEPOD-2012  dispvol  (m12)            ,
   -114.375,    28.375,         7,                  0.1001461893, COPEPOD-2012  dispvol  (m12)            ,
   -114.125,    21.125,         1,                  0.0629941151, COPEPOD-2012  dispvol  (m12)            ,
   -114.125,    24.625,         2,                  0.0329973102, COPEPOD-2012  dispvol  (m12)            ,
   -114.125,    26.125,         8,                  0.0741229951, COPEPOD-2012  dispvol  (m12)            ,
   -114.125,    26.875,        16,                  0.0538119487, COPEPOD-2012  dispvol  (m12)            ,
   -114.125,    28.375,        11,                  0.1176391095, COPEPOD-2012  dispvol  (m12)            ,
   -113.875,    25.625,         7,                  0.0780013949, COPEPOD-2012  dispvol  (m12)            ,
   -113.875,    26.375,         7,                  0.0837113783, COPEPOD-2012  dispvol  (m12)            ,
   -113.625,    25.625,         2,                  0.0514955260, COPEPOD-2012  dispvol  (m12)            ,
   -113.625,    25.875,         1,                  0.0369998515, COPEPOD-2012  dispvol  (m12)            ,
   -113.375,    15.125,         1,                  0.0249976963, COPEPOD-2012  dispvol  (m12)            ,
   -113.375,    16.875,         1,                  0.0270022489, COPEPOD-2012  dispvol  (m12)            ,
   -113.375,    23.625,         1,                  0.0419952385, COPEPOD-2012  dispvol  (m12)            ,
   -113.375,    24.875,         3,                  0.0633303300, COPEPOD-2012  dispvol  (m12)            ,
   -113.375,    25.125,         2,                  0.0589966811, COPEPOD-2012  dispvol  (m12)            ,
   -113.375,    25.625,         2,                  0.0340016559, COPEPOD-2012  dispvol  (m12)            ,
   -113.375,    25.875,         1,                  0.0239993799, COPEPOD-2012  dispvol  (m12)            ,
   -113.375,    26.375,         5,                  0.0494020544, COPEPOD-2012  dispvol  (m12)            ,
   -113.375,    26.625,         8,                  0.0648730844, COPEPOD-2012  dispvol  (m12)            ,
   -113.125,    24.375,         2,                  0.1014936864, COPEPOD-2012  dispvol  (m12)            ,
   -113.125,    25.125,         5,                  0.0615992323, COPEPOD-2012  dispvol  (m12)            ,
   -113.125,    25.875,         9,                  0.0487754084, COPEPOD-2012  dispvol  (m12)            ,
   -113.125,    26.625,         2,                  0.0545014590, COPEPOD-2012  dispvol  (m12)            ,
   -112.875,    15.625,         1,                  0.0249976963, COPEPOD-2012  dispvol  (m12)            ,
   -112.875,    25.375,         6,                  0.0410014577, COPEPOD-2012  dispvol  (m12)            ,
   -112.875,    26.125,         6,                  0.0734961331, COPEPOD-2012  dispvol  (m12)            ,
   -112.625,    12.375,         1,                  0.0219988488, COPEPOD-2012  dispvol  (m12)            ,
   -112.625,    21.875,         1,                  0.0350025780, COPEPOD-2012  dispvol  (m12)            ,
   -112.625,    24.625,         2,                  0.1585118324, COPEPOD-2012  dispvol  (m12)            ,
   -112.625,    25.375,         2,                  0.1259906143, COPEPOD-2012  dispvol  (m12)            ,
   -112.625,    26.125,         9,                  0.0457771197, COPEPOD-2012  dispvol  (m12)            ,
   -112.375,    23.875,         1,                  0.0419952385, COPEPOD-2012  dispvol  (m12)            ,
   -112.375,    24.125,         1,                  0.0579962544, COPEPOD-2012  dispvol  (m12)            ,
   -112.375,    24.625,         1,                  0.1880182624, COPEPOD-2012  dispvol  (m12)            ,
   -112.375,    24.875,         1,                  0.1320079118, COPEPOD-2012  dispvol  (m12)            ,
   -112.375,    25.375,         2,                  0.0850059539, COPEPOD-2012  dispvol  (m12)            ,
   -112.375,    25.625,        10,                  0.0466004983, COPEPOD-2012  dispvol  (m12)            ,
   -112.125,    24.125,         2,                  0.1445023119, COPEPOD-2012  dispvol  (m12)            ,
   -112.125,    25.625,         3,                  0.0253340434, COPEPOD-2012  dispvol  (m12)            ,
   -111.875,    23.625,         1,                  0.0369998515, COPEPOD-2012  dispvol  (m12)            ,
   -111.875,    24.375,         2,                  0.0895002857, COPEPOD-2012  dispvol  (m12)            ,
   -111.625,    22.875,         2,                  0.1234953552, COPEPOD-2012  dispvol  (m12)            ,
   -111.625,    23.625,         1,                  0.0780009627, COPEPOD-2012  dispvol  (m12)            ,
   -111.375,    23.125,         2,                  0.0895019621, COPEPOD-2012  dispvol  (m12)            ,
   -111.375,    23.625,         2,                  0.0520017669, COPEPOD-2012  dispvol  (m12)            ,
   -111.375,    23.875,         2,                  0.0789963976, COPEPOD-2012  dispvol  (m12)            ,
   -111.125,    21.875,         1,                  0.3570261300, COPEPOD-2012  dispvol  (m12)            ,
   -111.125,    22.375,         1,                  0.3860113025, COPEPOD-2012  dispvol  (m12)            ,
   -111.125,    23.125,         2,                  0.0615016595, COPEPOD-2012  dispvol  (m12)            ,
   -111.125,    23.875,         2,                  0.1740117520, COPEPOD-2012  dispvol  (m12)            ,
   -110.875,    10.375,         1,                  0.0419952385, COPEPOD-2012  dispvol  (m12)            ,
   -110.875,    14.375,         1,                  0.0419952385, COPEPOD-2012  dispvol  (m12)            ,
   -110.875,    19.875,         1,                  0.0340016484, COPEPOD-2012  dispvol  (m12)            ,
   -110.625,    20.875,         2,                  0.0860003009, COPEPOD-2012  dispvol  (m12)            ,
   -110.625,    21.875,         1,                  0.0679986030, COPEPOD-2012  dispvol  (m12)            ,
   -110.625,    23.375,         2,                  0.1410105079, COPEPOD-2012  dispvol  (m12)            ,
   -110.375,    19.875,         2,                  0.1055006385, COPEPOD-2012  dispvol  (m12)            ,
   -110.375,    22.875,         1,                  0.0270022489, COPEPOD-2012  dispvol  (m12)            ,
   -110.125,   -15.125,         1,                  0.0133751901, COPEPOD-2012  dispvol  (m12)            ,
   -110.125,    22.125,         1,                  0.0659933165, COPEPOD-2012  dispvol  (m12)            ,
   -110.125,    22.875,         1,                  0.0120005189, COPEPOD-2012  dispvol  (m12)            ,
   -109.625,    19.125,         2,                  0.0290001314, COPEPOD-2012  dispvol  (m12)            ,
   -109.375,    22.625,         1,                  0.0390031748, COPEPOD-2012  dispvol  (m12)            ,
   -109.125,    18.125,         2,                  0.0290001314, COPEPOD-2012  dispvol  (m12)            ,
   -108.625,    16.875,         2,                  0.0500034541, COPEPOD-2012  dispvol  (m12)            ,
   -108.375,   -14.125,         1,                  0.0304158572, COPEPOD-2012  dispvol  (m12)            ,
   -108.125,    15.875,         2,                  0.0319963172, COPEPOD-2012  dispvol  (m12)            ,
   -107.625,    14.875,         2,                  0.1590110958, COPEPOD-2012  dispvol  (m12)            ,
   -107.375,   -39.875,         2,                  0.0938953534, COPEPOD-2012  dispvol  (m12)            ,
   -107.125,    14.125,         2,                  0.1969935298, COPEPOD-2012  dispvol  (m12)            ,
   -106.625,    12.875,         2,                  0.0969963670, COPEPOD-2012  dispvol  (m12)            ,
   -106.375,   -12.875,         1,                  0.0235830490, COPEPOD-2012  dispvol  (m12)            ,
   -105.875,    12.125,         2,                  0.0920025706, COPEPOD-2012  dispvol  (m12)            ,
   -105.875,    19.375,         1,                  0.0770016462, COPEPOD-2012  dispvol  (m12)            ,
   -105.625,    10.875,         2,                  0.0840039998, COPEPOD-2012  dispvol  (m12)            ,
   -105.125,     9.875,         2,                  0.2419914603, COPEPOD-2012  dispvol  (m12)            ,
   -104.875,    18.875,         2,                  0.5149914622, COPEPOD-2012  dispvol  (m12)            ,
   -104.625,     9.125,         2,                  0.2505243421, COPEPOD-2012  dispvol  (m12)            ,
   -104.375,   -11.875,         1,                  0.0433910377, COPEPOD-2012  dispvol  (m12)            ,
   -104.125,     7.875,         2,                  0.0800018460, COPEPOD-2012  dispvol  (m12)            ,
   -104.125,    17.875,         1,                  0.0540007688, COPEPOD-2012  dispvol  (m12)            ,
   -103.375,     6.875,         2,                  0.0939939618, COPEPOD-2012  dispvol  (m12)            ,
   -103.375,    17.375,         2,                  0.2819681168, COPEPOD-2012  dispvol  (m12)            ,
   -103.125,    16.875,         2,                  0.0454975963, COPEPOD-2012  dispvol  (m12)            ,
   -102.875,     5.875,         2,                  0.2189976126, COPEPOD-2012  dispvol  (m12)            ,
   -102.375,   -13.375,         1,                  0.0261758007, COPEPOD-2012  dispvol  (m12)            ,
   -102.375,   -11.875,         1,                  0.0494766124, COPEPOD-2012  dispvol  (m12)            ,
   -102.375,   -10.625,         1,                  0.0270146895, COPEPOD-2012  dispvol  (m12)            ,
   -102.375,     5.125,         2,                  0.0239993799, COPEPOD-2012  dispvol  (m12)            ,
   -102.375,    16.875,         1,                  0.0519995950, COPEPOD-2012  dispvol  (m12)            ,
   -102.125,     4.125,         2,                  0.0470002256, COPEPOD-2012  dispvol  (m12)            ,
   -101.625,     3.125,         2,                  0.0949948356, COPEPOD-2012  dispvol  (m12)            ,
   -101.625,    15.875,         2,                  0.1260085404, COPEPOD-2012  dispvol  (m12)            ,
   -101.375,   -14.125,         1,                  0.0382912867, COPEPOD-2012  dispvol  (m12)            ,
   -101.125,     2.125,         2,                  0.0369998515, COPEPOD-2012  dispvol  (m12)            ,
   -100.875,    16.125,         1,                  0.0700003207, COPEPOD-2012  dispvol  (m12)            ,
   -100.625,     1.125,         2,                  0.1510080248, COPEPOD-2012  dispvol  (m12)            ,
   -100.375,   -15.125,         1,                  0.0154312113, COPEPOD-2012  dispvol  (m12)            ,
   -100.125,    -0.125,         2,                  0.1325011849, COPEPOD-2012  dispvol  (m12)            ,
   -100.125,    14.625,         1,                  0.2330236435, COPEPOD-2012  dispvol  (m12)            ,
   -100.125,    14.875,         2,                  0.2539802790, COPEPOD-2012  dispvol  (m12)            ,
    -99.375,    -0.875,         1,                  0.0570033044, COPEPOD-2012  dispvol  (m12)            ,
    -99.375,    15.625,         1,                  0.0649979934, COPEPOD-2012  dispvol  (m12)            ,
    -99.125,    -1.875,         1,                  0.2170201093, COPEPOD-2012  dispvol  (m12)            ,
    -98.875,   -15.125,         1,                  0.0530273505, COPEPOD-2012  dispvol  (m12)            ,
    -98.625,    -3.125,         2,                  0.1640167832, COPEPOD-2012  dispvol  (m12)            ,
    -98.625,    14.125,         2,                  0.0810027868, COPEPOD-2012  dispvol  (m12)            ,
    -98.125,    -4.125,         2,                  0.0949948356, COPEPOD-2012  dispvol  (m12)            ,
    -97.625,    -5.125,         2,                  0.2570060492, COPEPOD-2012  dispvol  (m12)            ,
    -97.625,    15.625,         1,                  0.2020226270, COPEPOD-2012  dispvol  (m12)            ,
    -97.375,   -15.125,         1,                  0.0313328616, COPEPOD-2012  dispvol  (m12)            ,
    -97.125,    -6.125,         2,                  0.0609958135, COPEPOD-2012  dispvol  (m12)            ,
    -97.125,    13.625,         2,                  0.1130056083, COPEPOD-2012  dispvol  (m12)            ,
    -97.125,    14.375,         1,                  0.2949850559, COPEPOD-2012  dispvol  (m12)            ,
    -96.875,   -39.875,         2,                  0.1310980767, COPEPOD-2012  dispvol  (m12)            ,
    -96.875,    12.375,         2,                  0.2060016841, COPEPOD-2012  dispvol  (m12)            ,
    -96.875,    15.625,         1,                  0.1880182624, COPEPOD-2012  dispvol  (m12)            ,
    -96.625,    -7.125,         2,                  0.1480130553, COPEPOD-2012  dispvol  (m12)            ,
    -96.125,    -7.875,         2,                  0.0710068122, COPEPOD-2012  dispvol  (m12)            ,
    -96.125,    26.125,         1,                  0.0448538810, COPEPOD-2012  dispvol  (m12)            ,
    -96.125,    26.875,         1,                  0.0434810407, COPEPOD-2012  dispvol  (m12)            ,
    -95.875,   -15.125,         1,                  0.0458458401, COPEPOD-2012  dispvol  (m12)            ,
    -95.125,    -8.375,         1,                  0.0404855497, COPEPOD-2012  dispvol  (m12)            ,
    -95.125,    -7.125,         2,                  0.1650060862, COPEPOD-2012  dispvol  (m12)            ,
    -95.125,    -6.125,         1,                  0.0774996951, COPEPOD-2012  dispvol  (m12)            ,
    -95.125,    -5.125,         2,                  0.0593472384, COPEPOD-2012  dispvol  (m12)            ,
    -95.125,    -3.875,         1,                  0.2600159645, COPEPOD-2012  dispvol  (m12)            ,
    -95.125,    -0.125,         1,                  0.1265610307, COPEPOD-2012  dispvol  (m12)            ,
    -95.125,     0.875,         1,                  0.1498304158, COPEPOD-2012  dispvol  (m12)            ,
    -95.125,     1.625,         1,                  0.1036334634, COPEPOD-2012  dispvol  (m12)            ,
    -95.125,     1.875,         1,                  0.1399909556, COPEPOD-2012  dispvol  (m12)            ,
    -95.125,     2.875,         1,                  0.0800018460, COPEPOD-2012  dispvol  (m12)            ,
    -95.125,     6.875,         1,                  0.1399909556, COPEPOD-2012  dispvol  (m12)            ,
    -95.125,    10.125,         1,                  0.1900203079, COPEPOD-2012  dispvol  (m12)            ,
    -95.125,    15.875,         2,                  0.3035092056, COPEPOD-2012  dispvol  (m12)            ,
    -95.125,    26.125,         1,                  0.0725604594, COPEPOD-2012  dispvol  (m12)            ,
    -95.125,    26.875,         1,                  0.0588301606, COPEPOD-2012  dispvol  (m12)            ,
    -94.875,    -6.875,         1,                  0.3900317848, COPEPOD-2012  dispvol  (m12)            ,
    -94.875,    -1.875,         1,                  0.2999853194, COPEPOD-2012  dispvol  (m12)            ,
    -94.875,     2.875,         1,                  0.0232327152, COPEPOD-2012  dispvol  (m12)            ,
    -94.875,     3.625,         1,                  0.0884504393, COPEPOD-2012  dispvol  (m12)            ,
    -94.875,     4.125,         1,                  0.0899911970, COPEPOD-2012  dispvol  (m12)            ,
    -94.875,     4.625,         1,                  0.0154454289, COPEPOD-2012  dispvol  (m12)            ,
    -94.875,     5.375,         1,                  0.0410960466, COPEPOD-2012  dispvol  (m12)            ,
    -94.875,     6.375,         1,                  0.1310388297, COPEPOD-2012  dispvol  (m12)            ,
    -94.875,     7.375,         1,                  0.0829277709, COPEPOD-2012  dispvol  (m12)            ,
    -94.875,     8.125,         1,                  0.1062184572, COPEPOD-2012  dispvol  (m12)            ,
    -94.625,   -37.375,         2,                  0.2524754107, COPEPOD-2012  dispvol  (m12)            ,
    -94.375,   -15.375,         1,                  0.0259537399, COPEPOD-2012  dispvol  (m12)            ,
    -94.125,    26.125,         1,                  0.0467304550, COPEPOD-2012  dispvol  (m12)            ,
    -94.125,    26.875,         1,                  0.0647888035, COPEPOD-2012  dispvol  (m12)            ,
    -94.125,    28.125,         1,                  0.1213947833, COPEPOD-2012  dispvol  (m12)            ,
    -93.875,    14.625,         2,                  0.2014884800, COPEPOD-2012  dispvol  (m12)            ,
    -93.125,    14.125,         2,                  0.1820119917, COPEPOD-2012  dispvol  (m12)            ,
    -93.125,    25.875,         1,                  0.0309884585, COPEPOD-2012  dispvol  (m12)            ,
    -93.125,    26.875,         2,                  0.0499755144, COPEPOD-2012  dispvol  (m12)            ,
    -93.125,    27.875,         2,                  0.0738063157, COPEPOD-2012  dispvol  (m12)            ,
    -92.125,    13.625,         2,                  0.1374961585, COPEPOD-2012  dispvol  (m12)            ,
    -92.125,    26.125,         1,                  0.0223305784, COPEPOD-2012  dispvol  (m12)            ,
    -92.125,    26.875,         2,                  0.0345565118, COPEPOD-2012  dispvol  (m12)            ,
    -92.125,    27.375,         1,                  0.0318859965, COPEPOD-2012  dispvol  (m12)            ,
    -92.125,    27.875,         2,                  0.0902261510, COPEPOD-2012  dispvol  (m12)            ,
    -91.875,    28.125,         1,                  0.0864768848, COPEPOD-2012  dispvol  (m12)            ,
    -91.875,    28.625,         1,                  0.1505220085, COPEPOD-2012  dispvol  (m12)            ,
    -91.625,    26.875,         1,                  0.0419565700, COPEPOD-2012  dispvol  (m12)            ,
    -91.625,    28.875,         2,                  0.1149034202, COPEPOD-2012  dispvol  (m12)            ,
    -91.625,    29.125,         1,                  0.5908809900, COPEPOD-2012  dispvol  (m12)            ,
    -91.375,     7.875,         2,                  0.1445019841, COPEPOD-2012  dispvol  (m12)            ,
    -91.375,    27.875,         1,                  0.0683439374, COPEPOD-2012  dispvol  (m12)            ,
    -91.375,    28.625,         4,                  0.1015413851, COPEPOD-2012  dispvol  (m12)            ,
    -91.375,    28.875,         1,                  0.1999861896, COPEPOD-2012  dispvol  (m12)            ,
    -91.125,    27.875,         2,                  0.0715600550, COPEPOD-2012  dispvol  (m12)            ,
    -91.125,    28.125,         1,                  0.0402995273, COPEPOD-2012  dispvol  (m12)            ,
    -91.125,    28.375,         1,                  0.1549173295, COPEPOD-2012  dispvol  (m12)            ,
    -91.125,    28.875,         3,                  0.1909600943, COPEPOD-2012  dispvol  (m12)            ,
    -90.875,    13.125,         2,                  0.1530030221, COPEPOD-2012  dispvol  (m12)            ,
    -90.875,    26.875,         1,                  0.0507808588, COPEPOD-2012  dispvol  (m12)            ,
    -90.875,    27.375,         1,                  0.0617731810, COPEPOD-2012  dispvol  (m12)            ,
    -90.875,    28.375,         2,                  0.1728394628, COPEPOD-2012  dispvol  (m12)            ,
    -90.875,    28.625,         6,                  0.3344888687, COPEPOD-2012  dispvol  (m12)            ,
    -90.875,    28.875,         4,                  0.2093645483, COPEPOD-2012  dispvol  (m12)            ,
    -90.625,    26.875,         1,                  0.0315137431, COPEPOD-2012  dispvol  (m12)            ,
    -90.625,    28.125,         1,                  0.1249971166, COPEPOD-2012  dispvol  (m12)            ,
    -90.625,    28.375,         3,                  0.2983123064, COPEPOD-2012  dispvol  (m12)            ,
    -90.625,    28.625,         8,                  0.3200357258, COPEPOD-2012  dispvol  (m12)            ,
    -90.625,    28.875,         7,                  0.3439404964, COPEPOD-2012  dispvol  (m12)            ,
    -90.375,    27.375,         1,                  0.0472389199, COPEPOD-2012  dispvol  (m12)            ,
    -90.375,    28.375,         2,                  0.3118811548, COPEPOD-2012  dispvol  (m12)            ,
    -90.375,    28.625,         6,                  0.3063835800, COPEPOD-2012  dispvol  (m12)            ,
    -90.375,    28.875,         7,                  0.3889617920, COPEPOD-2012  dispvol  (m12)            ,
    -90.375,    29.125,         4,                  0.4115198851, COPEPOD-2012  dispvol  (m12)            ,
    -90.125,    12.625,         2,                  0.1279970706, COPEPOD-2012  dispvol  (m12)            ,
    -90.125,    25.875,         1,                  0.0214091800, COPEPOD-2012  dispvol  (m12)            ,
    -90.125,    26.875,         1,                  0.0608415045, COPEPOD-2012  dispvol  (m12)            ,
    -90.125,    27.125,         2,                  0.0739745945, COPEPOD-2012  dispvol  (m12)            ,
    -90.125,    27.875,         2,                  0.0656050071, COPEPOD-2012  dispvol  (m12)            ,
    -90.125,    28.125,         1,                  0.0431916751, COPEPOD-2012  dispvol  (m12)            ,
    -90.125,    28.625,         1,                  0.1355813593, COPEPOD-2012  dispvol  (m12)            ,
    -90.125,    28.875,         8,                  0.3654157519, COPEPOD-2012  dispvol  (m12)            ,
    -90.125,    29.125,         3,                  0.4671324492, COPEPOD-2012  dispvol  (m12)            ,
    -89.875,     6.875,         2,                  0.0965063423, COPEPOD-2012  dispvol  (m12)            ,
    -89.875,    27.375,         1,                  0.0326061808, COPEPOD-2012  dispvol  (m12)            ,
    -89.875,    28.875,         1,                  0.2641800344, COPEPOD-2012  dispvol  (m12)            ,
    -89.875,    29.125,         4,                  0.3898411989, COPEPOD-2012  dispvol  (m12)            ,
    -89.625,     8.875,         2,                  0.1669936627, COPEPOD-2012  dispvol  (m12)            ,
    -89.625,    27.125,         1,                  0.0401143692, COPEPOD-2012  dispvol  (m12)            ,
    -89.625,    28.125,         1,                  0.0331131108, COPEPOD-2012  dispvol  (m12)            ,
    -89.625,    28.875,         7,                  0.4457821846, COPEPOD-2012  dispvol  (m12)            ,
    -89.625,    29.125,         7,                  0.2404769212, COPEPOD-2012  dispvol  (m12)            ,
    -89.375,    27.625,         1,                  0.0364921913, COPEPOD-2012  dispvol  (m12)            ,
    -89.375,    28.375,         1,                  0.0538145900, COPEPOD-2012  dispvol  (m12)            ,
    -89.375,    28.875,         1,                  0.2115436494, COPEPOD-2012  dispvol  (m12)            ,
    -89.375,    29.125,         2,                  0.4055344462, COPEPOD-2012  dispvol  (m12)            ,
    -89.125,    -6.625,         1,                  0.1530030221, COPEPOD-2012  dispvol  (m12)            ,
    -89.125,    10.125,         2,                  0.4630202651, COPEPOD-2012  dispvol  (m12)            ,
    -89.125,    12.375,         4,                  0.2997467518, COPEPOD-2012  dispvol  (m12)            ,
    -89.125,    25.875,         2,                  0.0591431297, COPEPOD-2012  dispvol  (m12)            ,
    -89.125,    26.875,         2,                  0.0484740734, COPEPOD-2012  dispvol  (m12)            ,
    -89.125,    27.125,         1,                  0.0392193161, COPEPOD-2012  dispvol  (m12)            ,
    -89.125,    27.875,         2,                  0.0597247854, COPEPOD-2012  dispvol  (m12)            ,
    -89.125,    28.125,         1,                  0.0359252691, COPEPOD-2012  dispvol  (m12)            ,
    -88.875,    11.125,         2,                  0.3139785826, COPEPOD-2012  dispvol  (m12)            ,
    -88.875,    27.625,         1,                  0.0420436114, COPEPOD-2012  dispvol  (m12)            ,
    -88.875,    28.625,         1,                  0.0526259542, COPEPOD-2012  dispvol  (m12)            ,
    -88.625,    27.125,         1,                  0.0308958385, COPEPOD-2012  dispvol  (m12)            ,
    -88.625,    28.125,         1,                  0.0375318490, COPEPOD-2012  dispvol  (m12)            ,
    -88.625,    28.375,         1,                  0.0557057522, COPEPOD-2012  dispvol  (m12)            ,
    -88.625,    29.625,         2,                  0.1891962886, COPEPOD-2012  dispvol  (m12)            ,
    -88.375,    11.875,         2,                  0.2999853194, COPEPOD-2012  dispvol  (m12)            ,
    -88.375,    27.625,         1,                  0.0442792177, COPEPOD-2012  dispvol  (m12)            ,
    -88.375,    28.875,         3,                  0.0313276537, COPEPOD-2012  dispvol  (m12)            ,
    -88.375,    29.125,         2,                  0.0680330247, COPEPOD-2012  dispvol  (m12)            ,
    -88.125,    25.875,         2,                  0.0246091858, COPEPOD-2012  dispvol  (m12)            ,
    -88.125,    26.875,         2,                  0.0853723139, COPEPOD-2012  dispvol  (m12)            ,
    -88.125,    27.125,         1,                  0.0371535271, COPEPOD-2012  dispvol  (m12)            ,
    -88.125,    27.625,         2,                  0.0377259627, COPEPOD-2012  dispvol  (m12)            ,
    -88.125,    27.875,         1,                  0.0325461812, COPEPOD-2012  dispvol  (m12)            ,
    -88.125,    28.125,         2,                  0.0332615152, COPEPOD-2012  dispvol  (m12)            ,
    -88.125,    28.375,         1,                  0.0342452228, COPEPOD-2012  dispvol  (m12)            ,
    -88.125,    28.875,         3,                  0.1006089449, COPEPOD-2012  dispvol  (m12)            ,
    -88.125,    29.125,         2,                  0.1138794050, COPEPOD-2012  dispvol  (m12)            ,
    -88.125,    29.375,         1,                  0.1923091710, COPEPOD-2012  dispvol  (m12)            ,
    -88.125,    30.125,         1,                  0.3461784124, COPEPOD-2012  dispvol  (m12)            ,
    -87.625,    28.375,         2,                  0.0426613390, COPEPOD-2012  dispvol  (m12)            ,
    -87.625,    28.875,         2,                  0.0265467390, COPEPOD-2012  dispvol  (m12)            ,
    -87.625,    29.375,         1,                  0.1367413998, COPEPOD-2012  dispvol  (m12)            ,
    -87.625,    30.125,         1,                  0.1923091710, COPEPOD-2012  dispvol  (m12)            ,
    -87.375,    -8.875,         1,                  0.0400036871, COPEPOD-2012  dispvol  (m12)            ,
    -87.375,    26.875,         1,                  0.0301995184, COPEPOD-2012  dispvol  (m12)            ,
    -87.375,    27.625,         1,                  0.0555520318, COPEPOD-2012  dispvol  (m12)            ,
    -87.375,    28.125,         2,                  0.0441478938, COPEPOD-2012  dispvol  (m12)            ,
    -87.125,    25.875,         2,                  0.0438616797, COPEPOD-2012  dispvol  (m12)            ,
    -87.125,    26.875,         1,                  0.0573191755, COPEPOD-2012  dispvol  (m12)            ,
    -87.125,    27.125,         1,                  0.0448435545, COPEPOD-2012  dispvol  (m12)            ,
    -87.125,    28.875,         2,                  0.0520455241, COPEPOD-2012  dispvol  (m12)            ,
    -87.125,    30.125,         1,                  0.2222286463, COPEPOD-2012  dispvol  (m12)            ,
    -86.875,     5.375,         1,                  0.1139987335, COPEPOD-2012  dispvol  (m12)            ,
    -86.875,    27.625,         1,                  0.0378791317, COPEPOD-2012  dispvol  (m12)            ,
    -86.875,    28.125,         2,                  0.0561413094, COPEPOD-2012  dispvol  (m12)            ,
    -86.875,    28.375,         1,                  0.0463340208, COPEPOD-2012  dispvol  (m12)            ,
    -86.625,    -0.875,         1,                  0.4000368714, COPEPOD-2012  dispvol  (m12)            ,
    -86.625,    27.125,         1,                  0.0578495525, COPEPOD-2012  dispvol  (m12)            ,
    -86.625,    27.625,         1,                  0.0422571339, COPEPOD-2012  dispvol  (m12)            ,
    -86.625,    27.875,         1,                  0.0357108377, COPEPOD-2012  dispvol  (m12)            ,
    -86.625,    29.125,         1,                  0.0450712927, COPEPOD-2012  dispvol  (m12)            ,
    -86.625,    30.125,         1,                  0.2155261785, COPEPOD-2012  dispvol  (m12)            ,
    -86.375,    28.375,         1,                  0.0580898114, COPEPOD-2012  dispvol  (m12)            ,
    -86.375,    29.625,         1,                  0.0600758605, COPEPOD-2012  dispvol  (m12)            ,
    -86.125,    24.875,         2,                  0.0332438536, COPEPOD-2012  dispvol  (m12)            ,
    -86.125,    25.875,         1,                  0.0750066936, COPEPOD-2012  dispvol  (m12)            ,
    -86.125,    26.875,         1,                  0.0339390710, COPEPOD-2012  dispvol  (m12)            ,
    -86.125,    27.625,         1,                  0.0333349630, COPEPOD-2012  dispvol  (m12)            ,
    -86.125,    27.875,         1,                  0.0346019082, COPEPOD-2012  dispvol  (m12)            ,
    -86.125,    28.125,         1,                  0.0427366048, COPEPOD-2012  dispvol  (m12)            ,
    -86.125,    28.875,         1,                  0.0526259542, COPEPOD-2012  dispvol  (m12)            ,
    -86.125,    29.375,         1,                  0.2830088437, COPEPOD-2012  dispvol  (m12)            ,
    -85.875,    27.125,         1,                  0.0594839752, COPEPOD-2012  dispvol  (m12)            ,
    -85.875,    28.375,         1,                  0.0523962304, COPEPOD-2012  dispvol  (m12)            ,
    -85.875,    29.125,         2,                  0.0930678546, COPEPOD-2012  dispvol  (m12)            ,
    -85.625,    27.875,         1,                  0.0555520318, COPEPOD-2012  dispvol  (m12)            ,
    -85.625,    28.875,         2,                  0.3667937815, COPEPOD-2012  dispvol  (m12)            ,
    -85.375,    27.625,         1,                  0.0334580019, COPEPOD-2012  dispvol  (m12)            ,
    -85.375,    28.625,         1,                  0.1057304367, COPEPOD-2012  dispvol  (m12)            ,
    -85.125,    26.125,         1,                  0.0613338277, COPEPOD-2012  dispvol  (m12)            ,
    -85.125,    26.875,         1,                  0.0272270087, COPEPOD-2012  dispvol  (m12)            ,
    -85.125,    27.125,         1,                  0.0510152504, COPEPOD-2012  dispvol  (m12)            ,
    -85.125,    27.375,         1,                  0.0387614481, COPEPOD-2012  dispvol  (m12)            ,
    -85.125,    27.875,         1,                  0.0498654842, COPEPOD-2012  dispvol  (m12)            ,
    -85.125,    28.875,         2,                  0.3015574515, COPEPOD-2012  dispvol  (m12)            ,
    -84.875,    -6.625,         1,                  0.1639834493, COPEPOD-2012  dispvol  (m12)            ,
    -84.625,     1.125,         1,                  0.1800113916, COPEPOD-2012  dispvol  (m12)            ,
    -83.625,     4.125,         1,                  0.1389952600, COPEPOD-2012  dispvol  (m12)            ,
    -83.375,    24.625,         8,                  0.0393118039, COPEPOD-2012  dispvol  (m12)            ,
    -83.125,    24.625,         3,                  0.0776095614, COPEPOD-2012  dispvol  (m12)            ,
    -82.125,     3.375,         1,                  0.2519997060, COPEPOD-2012  dispvol  (m12)            ,
    -79.875,     5.875,         1,                  0.0949948356, COPEPOD-2012  dispvol  (m12)            ,
    -79.375,     7.875,         1,                  0.1200051904, COPEPOD-2012  dispvol  (m12)            ,
    -79.375,     8.375,         1,                  0.1200051904, COPEPOD-2012  dispvol  (m12)            ,
    -79.125,    32.625,         1,                  0.5730598569, COPEPOD-2012  dispvol  (m12)            ,
    -78.625,   -56.625,         4,                  0.0528840944, COPEPOD-2012  dispvol  (m12)            ,
    -78.625,    32.375,         1,                  0.2539802790, COPEPOD-2012  dispvol  (m12)            ,
    -78.375,   -58.125,         4,                  0.0720859319, COPEPOD-2012  dispvol  (m12)            ,
    -78.375,   -55.125,         4,                  0.0523969643, COPEPOD-2012  dispvol  (m12)            ,
    -78.375,    32.125,         1,                  0.2330236435, COPEPOD-2012  dispvol  (m12)            ,
    -78.375,    33.125,         1,                  0.5430002213, COPEPOD-2012  dispvol  (m12)            ,
    -78.125,   -66.375,         4,                  0.0277682934, COPEPOD-2012  dispvol  (m12)            ,
    -78.125,   -65.125,         4,                  0.0082784630, COPEPOD-2012  dispvol  (m12)            ,
    -78.125,   -62.125,         4,                  0.1019499749, COPEPOD-2012  dispvol  (m12)            ,
    -78.125,   -59.625,         4,                  0.1042782366, COPEPOD-2012  dispvol  (m12)            ,
    -78.125,    31.875,         1,                  0.1519847512, COPEPOD-2012  dispvol  (m12)            ,
    -78.125,    32.875,         1,                  0.1650060862, COPEPOD-2012  dispvol  (m12)            ,
    -77.875,   -67.875,         4,                  0.0071239956, COPEPOD-2012  dispvol  (m12)            ,
    -77.875,   -60.875,         4,                  0.0765027031, COPEPOD-2012  dispvol  (m12)            ,
    -77.875,    32.625,         1,                  0.2080175430, COPEPOD-2012  dispvol  (m12)            ,
    -77.625,    32.375,         1,                  0.2369736284, COPEPOD-2012  dispvol  (m12)            ,
    -77.625,    33.375,         1,                  0.3930067420, COPEPOD-2012  dispvol  (m12)            ,
    -77.375,    33.125,         1,                  0.1919994503, COPEPOD-2012  dispvol  (m12)            ,
    -77.125,    32.875,         1,                  0.1389952600, COPEPOD-2012  dispvol  (m12)            ,
    -77.125,    33.875,         1,                  0.3100273609, COPEPOD-2012  dispvol  (m12)            ,
    -76.875,    32.625,         1,                  0.1100018546, COPEPOD-2012  dispvol  (m12)            ,
    -76.875,    33.625,         1,                  0.1710015237, COPEPOD-2012  dispvol  (m12)            ,
    -76.625,    34.375,         1,                  0.2759942412, COPEPOD-2012  dispvol  (m12)            ,
    -76.375,    34.125,         1,                  0.1839924604, COPEPOD-2012  dispvol  (m12)            ,
    -76.125,    34.125,         2,                  0.0507797748, COPEPOD-2012  dispvol  (m12)            ,
    -75.875,    34.625,         2,                  0.1054625735, COPEPOD-2012  dispvol  (m12)            ,
    -75.875,    34.875,         2,                  0.0898407400, COPEPOD-2012  dispvol  (m12)            ,
    -75.875,    35.125,         1,                  0.1249971166, COPEPOD-2012  dispvol  (m12)            ,
    -75.875,    36.375,         1,                  0.2031421214, COPEPOD-2012  dispvol  (m12)            ,
    -75.875,    36.875,         3,                  0.0703141913, COPEPOD-2012  dispvol  (m12)            ,
    -75.625,    34.625,         2,                  0.0703148320, COPEPOD-2012  dispvol  (m12)            ,
    -75.625,    35.875,         1,                  0.1718699634, COPEPOD-2012  dispvol  (m12)            ,
    -75.625,    36.375,         2,                  0.1249994934, COPEPOD-2012  dispvol  (m12)            ,
    -75.625,    36.875,         1,                  0.2734639049, COPEPOD-2012  dispvol  (m12)            ,
    -75.625,    37.625,         1,                  0.1952989995, COPEPOD-2012  dispvol  (m12)            ,
    -75.375,    35.125,         1,                  0.1562427878, COPEPOD-2012  dispvol  (m12)            ,
    -75.375,    35.375,         2,                  0.1445298791, COPEPOD-2012  dispvol  (m12)            ,
    -75.375,    35.875,         3,                  0.1953178197, COPEPOD-2012  dispvol  (m12)            ,
    -75.375,    36.375,         2,                  0.1386661083, COPEPOD-2012  dispvol  (m12)            ,
    -75.375,    36.875,         1,                  0.1484225988, COPEPOD-2012  dispvol  (m12)            ,
    -75.375,    37.625,         2,                  0.1484399736, COPEPOD-2012  dispvol  (m12)            ,
    -75.375,    37.875,         1,                  0.1314619184, COPEPOD-2012  dispvol  (m12)            ,
    -75.125,    35.125,         4,                  0.1035207137, COPEPOD-2012  dispvol  (m12)            ,
    -75.125,    35.875,         2,                  0.0996138528, COPEPOD-2012  dispvol  (m12)            ,
    -75.125,    36.375,         2,                  0.1171966717, COPEPOD-2012  dispvol  (m12)            ,
    -75.125,    36.875,         2,                  0.1640682966, COPEPOD-2012  dispvol  (m12)            ,
    -75.125,    37.375,         1,                  0.1484225988, COPEPOD-2012  dispvol  (m12)            ,
    -75.125,    38.125,         2,                  0.0937561989, COPEPOD-2012  dispvol  (m12)            ,
    -75.125,    38.875,         1,                  0.3125359416, COPEPOD-2012  dispvol  (m12)            ,
    -74.875,    35.625,         2,                  0.0527354330, COPEPOD-2012  dispvol  (m12)            ,
    -74.875,    36.375,         4,                  0.0859352499, COPEPOD-2012  dispvol  (m12)            ,
    -74.875,    37.375,         2,                  0.1484363228, COPEPOD-2012  dispvol  (m12)            ,
    -74.875,    37.625,         1,                  0.3317416310, COPEPOD-2012  dispvol  (m12)            ,
    -74.875,    37.875,         2,                  0.3155029714, COPEPOD-2012  dispvol  (m12)            ,
    -74.875,    38.125,         2,                  0.1595428437, COPEPOD-2012  dispvol  (m12)            ,
    -74.875,    38.625,         4,                  0.4190414548, COPEPOD-2012  dispvol  (m12)            ,
    -74.625,    36.875,         2,                  0.0683560520, COPEPOD-2012  dispvol  (m12)            ,
    -74.625,    37.375,         4,                  0.1132792085, COPEPOD-2012  dispvol  (m12)            ,
    -74.625,    37.625,         1,                  0.2669930756, COPEPOD-2012  dispvol  (m12)            ,
    -74.625,    37.875,         2,                  0.1855456829, COPEPOD-2012  dispvol  (m12)            ,
    -74.625,    38.125,         1,                  0.3376758397, COPEPOD-2012  dispvol  (m12)            ,
    -74.625,    38.375,         3,                  0.1960431784, COPEPOD-2012  dispvol  (m12)            ,
    -74.625,    38.625,         1,                  0.1484225988, COPEPOD-2012  dispvol  (m12)            ,
    -74.625,    38.875,         1,                  0.3152826130, COPEPOD-2012  dispvol  (m12)            ,
    -74.625,    39.375,         1,                  0.2031421214, COPEPOD-2012  dispvol  (m12)            ,
    -74.375,    37.625,         3,                  0.1175300181, COPEPOD-2012  dispvol  (m12)            ,
    -74.375,    38.125,         1,                  0.3000543714, COPEPOD-2012  dispvol  (m12)            ,
    -74.375,    38.625,         1,                  0.5328438878, COPEPOD-2012  dispvol  (m12)            ,
    -74.375,    39.125,         3,                  0.1832165718, COPEPOD-2012  dispvol  (m12)            ,
    -74.125,    37.625,         1,                  0.0705180019, COPEPOD-2012  dispvol  (m12)            ,
    -74.125,    37.875,         1,                  0.1463524550, COPEPOD-2012  dispvol  (m12)            ,
    -74.125,    38.375,         3,                  0.2621102035, COPEPOD-2012  dispvol  (m12)            ,
    -74.125,    38.875,         1,                  0.1783199906, COPEPOD-2012  dispvol  (m12)            ,
    -74.125,    39.125,         1,                  0.2734639049, COPEPOD-2012  dispvol  (m12)            ,
    -74.125,    39.375,         1,                  0.1236516684, COPEPOD-2012  dispvol  (m12)            ,
    -74.125,    39.625,         1,                  0.1356750578, COPEPOD-2012  dispvol  (m12)            ,
    -74.125,    39.875,         1,                  0.1171925440, COPEPOD-2012  dispvol  (m12)            ,
    -73.875,    37.875,         1,                  0.1251122952, COPEPOD-2012  dispvol  (m12)            ,
    -73.875,    38.125,         2,                  0.1328005940, COPEPOD-2012  dispvol  (m12)            ,
    -73.875,    38.625,         1,                  0.4487453997, COPEPOD-2012  dispvol  (m12)            ,
    -73.875,    38.875,         4,                  0.1142553836, COPEPOD-2012  dispvol  (m12)            ,
    -73.875,    39.625,         3,                  0.2081799954, COPEPOD-2012  dispvol  (m12)            ,
    -73.875,    39.875,         2,                  0.2869822681, COPEPOD-2012  dispvol  (m12)            ,
    -73.875,    40.125,         2,                  0.5811834335, COPEPOD-2012  dispvol  (m12)            ,
    -73.875,    40.375,         2,                  0.3247295320, COPEPOD-2012  dispvol  (m12)            ,
    -73.625,    38.375,         1,                  0.0990147740, COPEPOD-2012  dispvol  (m12)            ,
    -73.625,    38.625,         2,                  0.0781267881, COPEPOD-2012  dispvol  (m12)            ,
    -73.625,    39.125,         1,                  0.4449385107, COPEPOD-2012  dispvol  (m12)            ,
    -73.625,    39.625,         7,                  0.2092541009, COPEPOD-2012  dispvol  (m12)            ,
    -73.625,    39.875,         1,                  0.4098264575, COPEPOD-2012  dispvol  (m12)            ,
    -73.625,    40.375,         2,                  0.4687343836, COPEPOD-2012  dispvol  (m12)            ,
    -73.375,    38.625,         2,                  0.0527349338, COPEPOD-2012  dispvol  (m12)            ,
    -73.375,    39.375,         4,                  0.1279231310, COPEPOD-2012  dispvol  (m12)            ,
    -73.375,    40.125,         2,                  0.2787189782, COPEPOD-2012  dispvol  (m12)            ,
    -73.375,    40.625,         2,                  0.1640625596, COPEPOD-2012  dispvol  (m12)            ,
    -73.125,   -23.625,         1,                  0.8336811662, COPEPOD-2012  dispvol  (m12)            ,
    -73.125,    38.625,         1,                  0.1445772648, COPEPOD-2012  dispvol  (m12)            ,
    -73.125,    38.875,         1,                  0.1822636127, COPEPOD-2012  dispvol  (m12)            ,
    -73.125,    39.125,         4,                  0.1083999276, COPEPOD-2012  dispvol  (m12)            ,
    -73.125,    39.875,         2,                  0.3928874433, COPEPOD-2012  dispvol  (m12)            ,
    -73.125,    40.375,        12,                  0.2078630924, COPEPOD-2012  dispvol  (m12)            ,
    -73.125,    40.625,         2,                  0.1406344473, COPEPOD-2012  dispvol  (m12)            ,
    -72.875,   -18.625,         1,                  0.4224740267, COPEPOD-2012  dispvol  (m12)            ,
    -72.875,    39.125,         4,                  0.0732417777, COPEPOD-2012  dispvol  (m12)            ,
    -72.875,    39.375,         1,                  0.1371513158, COPEPOD-2012  dispvol  (m12)            ,
    -72.875,    39.625,         2,                  0.2278783917, COPEPOD-2012  dispvol  (m12)            ,
    -72.875,    40.125,         4,                  0.1474519372, COPEPOD-2012  dispvol  (m12)            ,
    -72.875,    40.625,         1,                  0.3655106127, COPEPOD-2012  dispvol  (m12)            ,
    -72.625,   -21.875,         1,                  0.1036095992, COPEPOD-2012  dispvol  (m12)            ,
    -72.625,   -20.375,         1,                  0.1028963476, COPEPOD-2012  dispvol  (m12)            ,
    -72.625,    39.375,         2,                  0.0824686512, COPEPOD-2012  dispvol  (m12)            ,
    -72.625,    39.875,         8,                  0.1459972858, COPEPOD-2012  dispvol  (m12)            ,
    -72.625,    40.375,         4,                  0.2619885206, COPEPOD-2012  dispvol  (m12)            ,
    -72.625,    40.625,         3,                  0.3888052404, COPEPOD-2012  dispvol  (m12)            ,
    -72.375,   -23.375,         1,                  0.1253141165, COPEPOD-2012  dispvol  (m12)            ,
    -72.375,    39.375,         2,                  0.0739605576, COPEPOD-2012  dispvol  (m12)            ,
    -72.375,    39.625,         4,                  0.0312525406, COPEPOD-2012  dispvol  (m12)            ,
    -72.375,    39.875,         3,                  0.2184215039, COPEPOD-2012  dispvol  (m12)            ,
    -72.375,    40.625,         4,                  0.3045799434, COPEPOD-2012  dispvol  (m12)            ,
    -72.125,   -18.625,         1,                  0.1085925400, COPEPOD-2012  dispvol  (m12)            ,
    -72.125,    39.625,         3,                  0.0508324094, COPEPOD-2012  dispvol  (m12)            ,
    -72.125,    40.875,         4,                  0.2933130860, COPEPOD-2012  dispvol  (m12)            ,
    -71.875,   -23.625,         1,                  0.1538154632, COPEPOD-2012  dispvol  (m12)            ,
    -71.875,   -21.875,         1,                  0.1146040559, COPEPOD-2012  dispvol  (m12)            ,
    -71.875,   -20.375,         1,                  0.1095973328, COPEPOD-2012  dispvol  (m12)            ,
    -71.875,    39.875,         3,                  0.1283288151, COPEPOD-2012  dispvol  (m12)            ,
    -71.875,    40.125,         4,                  0.1910473406, COPEPOD-2012  dispvol  (m12)            ,
    -71.875,    40.875,         7,                  0.1093735844, COPEPOD-2012  dispvol  (m12)            ,
    -71.875,    41.125,         2,                  0.1054627374, COPEPOD-2012  dispvol  (m12)            ,
    -71.625,   -18.625,         1,                  0.2081133872, COPEPOD-2012  dispvol  (m12)            ,
    -71.625,    40.125,         4,                  0.1022070199, COPEPOD-2012  dispvol  (m12)            ,
    -71.625,    40.375,         4,                  0.0830053687, COPEPOD-2012  dispvol  (m12)            ,
    -71.625,    40.625,        12,                  0.0995980427, COPEPOD-2012  dispvol  (m12)            ,
    -71.625,    41.125,         2,                  0.2193832844, COPEPOD-2012  dispvol  (m12)            ,
    -71.375,   -23.625,         1,                  0.1148946956, COPEPOD-2012  dispvol  (m12)            ,
    -71.375,   -21.875,         1,                  0.0832913816, COPEPOD-2012  dispvol  (m12)            ,
    -71.375,   -20.375,         1,                  0.5588561296, COPEPOD-2012  dispvol  (m12)            ,
    -71.375,    40.125,         4,                  0.0634762496, COPEPOD-2012  dispvol  (m12)            ,
    -71.375,    41.125,         6,                  0.2150307149, COPEPOD-2012  dispvol  (m12)            ,
    -71.375,    41.375,         5,                  0.2088946551, COPEPOD-2012  dispvol  (m12)            ,
    -71.125,   -23.625,         1,                  0.1428893805, COPEPOD-2012  dispvol  (m12)            ,
    -71.125,   -18.625,         1,                  0.1174897552, COPEPOD-2012  dispvol  (m12)            ,
    -71.125,    40.125,         1,                  0.0500725806, COPEPOD-2012  dispvol  (m12)            ,
    -71.125,    40.625,         6,                  0.3264884055, COPEPOD-2012  dispvol  (m12)            ,
    -71.125,    40.875,         5,                  0.2790923715, COPEPOD-2012  dispvol  (m12)            ,
    -71.125,    41.125,         5,                  0.4128865302, COPEPOD-2012  dispvol  (m12)            ,
    -70.875,   -23.625,         1,                  0.1766851395, COPEPOD-2012  dispvol  (m12)            ,
    -70.875,   -21.875,         1,                  0.1071025953, COPEPOD-2012  dispvol  (m12)            ,
    -70.875,   -20.375,         1,                  0.1492107064, COPEPOD-2012  dispvol  (m12)            ,
    -70.875,    40.125,         6,                  0.1883096844, COPEPOD-2012  dispvol  (m12)            ,
    -70.875,    40.375,         6,                  0.1705928594, COPEPOD-2012  dispvol  (m12)            ,
    -70.875,    41.125,         6,                  0.1596788019, COPEPOD-2012  dispvol  (m12)            ,
    -70.875,    41.375,         2,                  0.0742226020, COPEPOD-2012  dispvol  (m12)            ,
    -70.875,    42.375,         6,                  0.2752399445, COPEPOD-2012  dispvol  (m12)            ,
    -70.625,   -23.625,         2,                  0.2072090656, COPEPOD-2012  dispvol  (m12)            ,
    -70.625,   -21.875,         1,                  0.1673015654, COPEPOD-2012  dispvol  (m12)            ,
    -70.625,   -18.625,         1,                  0.0893099755, COPEPOD-2012  dispvol  (m12)            ,
    -70.625,    39.875,         7,                  0.0609045625, COPEPOD-2012  dispvol  (m12)            ,
    -70.625,    40.375,         2,                  0.0644538701, COPEPOD-2012  dispvol  (m12)            ,
    -70.625,    40.625,        10,                  0.2236215621, COPEPOD-2012  dispvol  (m12)            ,
    -70.625,    40.875,         8,                  0.1766645312, COPEPOD-2012  dispvol  (m12)            ,
    -70.625,    41.125,         5,                  0.2705757022, COPEPOD-2012  dispvol  (m12)            ,
    -70.625,    41.375,         2,                  0.2318285406, COPEPOD-2012  dispvol  (m12)            ,
    -70.625,    42.125,        11,                  0.1913346350, COPEPOD-2012  dispvol  (m12)            ,
    -70.625,    42.375,        10,                  0.2436656207, COPEPOD-2012  dispvol  (m12)            ,
    -70.625,    42.625,         6,                  0.1823535115, COPEPOD-2012  dispvol  (m12)            ,
    -70.625,    42.875,         3,                  0.1565483361, COPEPOD-2012  dispvol  (m12)            ,
    -70.375,   -21.875,         1,                  0.3485780060, COPEPOD-2012  dispvol  (m12)            ,
    -70.375,   -20.375,         2,                  0.1514063478, COPEPOD-2012  dispvol  (m12)            ,
    -70.375,   -18.625,         3,                  0.0606646389, COPEPOD-2012  dispvol  (m12)            ,
    -70.375,    39.875,         1,                  0.0504196696, COPEPOD-2012  dispvol  (m12)            ,
    -70.375,    40.125,         9,                  0.1389824301, COPEPOD-2012  dispvol  (m12)            ,
    -70.375,    40.375,         3,                  0.0984048471, COPEPOD-2012  dispvol  (m12)            ,
    -70.375,    40.625,         4,                  0.2029666305, COPEPOD-2012  dispvol  (m12)            ,
    -70.375,    40.875,         3,                  0.3632898629, COPEPOD-2012  dispvol  (m12)            ,
    -70.375,    41.125,         3,                  0.4119571149, COPEPOD-2012  dispvol  (m12)            ,
    -70.375,    41.875,        12,                  0.2043151408, COPEPOD-2012  dispvol  (m12)            ,
    -70.375,    42.125,        11,                  0.2483570576, COPEPOD-2012  dispvol  (m12)            ,
    -70.375,    42.375,         6,                  0.1204521284, COPEPOD-2012  dispvol  (m12)            ,
    -70.375,    42.625,         2,                  0.1898805797, COPEPOD-2012  dispvol  (m12)            ,
    -70.125,   -21.875,         2,                  0.1771179587, COPEPOD-2012  dispvol  (m12)            ,
    -70.125,   -20.375,         2,                  0.6038460732, COPEPOD-2012  dispvol  (m12)            ,
    -70.125,    40.125,         3,                  0.0971267596, COPEPOD-2012  dispvol  (m12)            ,
    -70.125,    40.375,         5,                  0.1940012723, COPEPOD-2012  dispvol  (m12)            ,
    -70.125,    40.625,        10,                  0.3141607046, COPEPOD-2012  dispvol  (m12)            ,
    -70.125,    40.875,         5,                  0.4687265456, COPEPOD-2012  dispvol  (m12)            ,
    -70.125,    41.125,         5,                  0.4508259892, COPEPOD-2012  dispvol  (m12)            ,
    -70.125,    41.875,         2,                  0.0556866154, COPEPOD-2012  dispvol  (m12)            ,
    -70.125,    42.125,         7,                  0.2113969028, COPEPOD-2012  dispvol  (m12)            ,
    -70.125,    42.375,         9,                  0.1510738730, COPEPOD-2012  dispvol  (m12)            ,
    -70.125,    42.625,         7,                  0.1377578080, COPEPOD-2012  dispvol  (m12)            ,
    -70.125,    42.875,         4,                  0.3418477774, COPEPOD-2012  dispvol  (m12)            ,
    -70.125,    43.375,         4,                  0.1453632116, COPEPOD-2012  dispvol  (m12)            ,
    -69.875,    40.125,         3,                  0.1034822389, COPEPOD-2012  dispvol  (m12)            ,
    -69.875,    40.625,         9,                  0.4130799472, COPEPOD-2012  dispvol  (m12)            ,
    -69.875,    40.875,        12,                  0.4565675557, COPEPOD-2012  dispvol  (m12)            ,
    -69.875,    41.625,         6,                  0.2356878370, COPEPOD-2012  dispvol  (m12)            ,
    -69.875,    41.875,        32,                  0.1812443137, COPEPOD-2012  dispvol  (m12)            ,
    -69.875,    42.125,         5,                  0.2103618681, COPEPOD-2012  dispvol  (m12)            ,
    -69.875,    42.375,         2,                  0.2504713535, COPEPOD-2012  dispvol  (m12)            ,
    -69.875,    42.625,         1,                  0.3522086143, COPEPOD-2012  dispvol  (m12)            ,
    -69.875,    43.125,         4,                  0.2798061073, COPEPOD-2012  dispvol  (m12)            ,
    -69.625,    40.125,         4,                  0.0995583683, COPEPOD-2012  dispvol  (m12)            ,
    -69.625,    40.375,        10,                  0.2046440393, COPEPOD-2012  dispvol  (m12)            ,
    -69.625,    40.875,         9,                  0.3808543980, COPEPOD-2012  dispvol  (m12)            ,
    -69.625,    41.125,         3,                  0.1628760248, COPEPOD-2012  dispvol  (m12)            ,
    -69.625,    41.375,        11,                  0.1416768432, COPEPOD-2012  dispvol  (m12)            ,
    -69.625,    41.875,         8,                  0.2137893438, COPEPOD-2012  dispvol  (m12)            ,
    -69.625,    42.125,        10,                  0.3301553726, COPEPOD-2012  dispvol  (m12)            ,
    -69.625,    42.375,         2,                  0.3950514793, COPEPOD-2012  dispvol  (m12)            ,
    -69.625,    43.375,         4,                  0.2479759604, COPEPOD-2012  dispvol  (m12)            ,
    -69.375,    40.125,         4,                  0.0734619945, COPEPOD-2012  dispvol  (m12)            ,
    -69.375,    40.625,        18,                  0.4085481167, COPEPOD-2012  dispvol  (m12)            ,
    -69.375,    40.875,        11,                  0.3142020106, COPEPOD-2012  dispvol  (m12)            ,
    -69.375,    41.125,        12,                  0.2262821943, COPEPOD-2012  dispvol  (m12)            ,
    -69.375,    41.625,        10,                  0.1723441631, COPEPOD-2012  dispvol  (m12)            ,
    -69.375,    42.125,         1,                  0.1869390458, COPEPOD-2012  dispvol  (m12)            ,
    -69.375,    42.625,         1,                  0.2924825549, COPEPOD-2012  dispvol  (m12)            ,
    -69.375,    42.875,         3,                  0.2470933199, COPEPOD-2012  dispvol  (m12)            ,
    -69.375,    43.375,         2,                  0.3526373506, COPEPOD-2012  dispvol  (m12)            ,
    -69.375,    43.625,         4,                  0.1954467893, COPEPOD-2012  dispvol  (m12)            ,
    -69.125,    39.875,         1,                  0.0139091332, COPEPOD-2012  dispvol  (m12)            ,
    -69.125,    40.125,         9,                  0.0833081156, COPEPOD-2012  dispvol  (m12)            ,
    -69.125,    40.375,         9,                  0.1630241275, COPEPOD-2012  dispvol  (m12)            ,
    -69.125,    40.625,         5,                  0.1649086028, COPEPOD-2012  dispvol  (m12)            ,
    -69.125,    40.875,         5,                  0.2067357600, COPEPOD-2012  dispvol  (m12)            ,
    -69.125,    41.125,         9,                  0.2351010144, COPEPOD-2012  dispvol  (m12)            ,
    -69.125,    41.375,        10,                  0.2228435576, COPEPOD-2012  dispvol  (m12)            ,
    -69.125,    41.625,         6,                  0.3492559195, COPEPOD-2012  dispvol  (m12)            ,
    -69.125,    41.875,         5,                  0.3951266408, COPEPOD-2012  dispvol  (m12)            ,
    -69.125,    42.125,         4,                  0.2372116894, COPEPOD-2012  dispvol  (m12)            ,
    -69.125,    42.625,         2,                  0.2080502808, COPEPOD-2012  dispvol  (m12)            ,
    -69.125,    43.125,         2,                  0.2952182889, COPEPOD-2012  dispvol  (m12)            ,
    -68.875,    40.125,         1,                  0.0313256457, COPEPOD-2012  dispvol  (m12)            ,
    -68.875,    40.375,         4,                  0.0860667452, COPEPOD-2012  dispvol  (m12)            ,
    -68.875,    40.625,         5,                  0.3148489594, COPEPOD-2012  dispvol  (m12)            ,
    -68.875,    40.875,         6,                  0.2634944618, COPEPOD-2012  dispvol  (m12)            ,
    -68.875,    41.125,         5,                  0.2756254673, COPEPOD-2012  dispvol  (m12)            ,
    -68.875,    41.625,         4,                  0.2191546857, COPEPOD-2012  dispvol  (m12)            ,
    -68.875,    41.875,         1,                  0.1903706640, COPEPOD-2012  dispvol  (m12)            ,
    -68.875,    42.125,         3,                  0.2699487507, COPEPOD-2012  dispvol  (m12)            ,
    -68.875,    42.625,         3,                  0.4032181203, COPEPOD-2012  dispvol  (m12)            ,
    -68.875,    43.625,         6,                  0.1564006954, COPEPOD-2012  dispvol  (m12)            ,
    -68.625,    40.375,         3,                  0.1494341642, COPEPOD-2012  dispvol  (m12)            ,
    -68.625,    40.625,         5,                  0.2618419528, COPEPOD-2012  dispvol  (m12)            ,
    -68.625,    40.875,         6,                  0.2770726979, COPEPOD-2012  dispvol  (m12)            ,
    -68.625,    41.125,         6,                  0.2116099596, COPEPOD-2012  dispvol  (m12)            ,
    -68.625,    41.375,         8,                  0.2414118052, COPEPOD-2012  dispvol  (m12)            ,
    -68.625,    41.625,         6,                  0.1852525622, COPEPOD-2012  dispvol  (m12)            ,
    -68.625,    41.875,         3,                  0.1962491721, COPEPOD-2012  dispvol  (m12)            ,
    -68.625,    42.125,         1,                  0.0696305782, COPEPOD-2012  dispvol  (m12)            ,
    -68.625,    43.375,         5,                  0.1128520742, COPEPOD-2012  dispvol  (m12)            ,
    -68.625,    43.875,         6,                  0.1240114272, COPEPOD-2012  dispvol  (m12)            ,
    -68.375,    40.375,         4,                  0.1337404698, COPEPOD-2012  dispvol  (m12)            ,
    -68.375,    40.625,         2,                  0.1169492304, COPEPOD-2012  dispvol  (m12)            ,
    -68.375,    40.875,         7,                  0.3250450492, COPEPOD-2012  dispvol  (m12)            ,
    -68.375,    41.125,         5,                  0.2515408397, COPEPOD-2012  dispvol  (m12)            ,
    -68.375,    41.375,        17,                  0.2468730360, COPEPOD-2012  dispvol  (m12)            ,
    -68.375,    41.625,         6,                  0.1595055461, COPEPOD-2012  dispvol  (m12)            ,
    -68.375,    42.375,         4,                  0.1906622797, COPEPOD-2012  dispvol  (m12)            ,
    -68.375,    42.625,         4,                  0.2808090448, COPEPOD-2012  dispvol  (m12)            ,
    -68.375,    42.875,         4,                  0.2427595556, COPEPOD-2012  dispvol  (m12)            ,
    -68.125,    40.625,         5,                  0.2380187958, COPEPOD-2012  dispvol  (m12)            ,
    -68.125,    41.125,         8,                  0.2415010482, COPEPOD-2012  dispvol  (m12)            ,
    -68.125,    41.625,        12,                  0.2816378772, COPEPOD-2012  dispvol  (m12)            ,
    -68.125,    41.875,         5,                  0.1368254125, COPEPOD-2012  dispvol  (m12)            ,
    -68.125,    43.125,         1,                  0.2205971926, COPEPOD-2012  dispvol  (m12)            ,
    -68.125,    43.375,         4,                  0.3876348436, COPEPOD-2012  dispvol  (m12)            ,
    -68.125,    43.875,         6,                  0.1247794032, COPEPOD-2012  dispvol  (m12)            ,
    -67.875,    40.625,         4,                  0.2186537683, COPEPOD-2012  dispvol  (m12)            ,
    -67.875,    41.125,         5,                  0.3851402700, COPEPOD-2012  dispvol  (m12)            ,
    -67.875,    41.375,         9,                  0.3419665694, COPEPOD-2012  dispvol  (m12)            ,
    -67.875,    41.625,         5,                  0.3420737684, COPEPOD-2012  dispvol  (m12)            ,
    -67.875,    41.875,        11,                  0.2114380449, COPEPOD-2012  dispvol  (m12)            ,
    -67.875,    42.125,         3,                  0.2116707563, COPEPOD-2012  dispvol  (m12)            ,
    -67.875,    43.125,         2,                  0.3329024613, COPEPOD-2012  dispvol  (m12)            ,
    -67.625,    40.375,         3,                  0.0313900486, COPEPOD-2012  dispvol  (m12)            ,
    -67.625,    40.625,         6,                  0.1243500486, COPEPOD-2012  dispvol  (m12)            ,
    -67.625,    40.875,         9,                  0.2816869318, COPEPOD-2012  dispvol  (m12)            ,
    -67.625,    41.375,        17,                  0.3770869672, COPEPOD-2012  dispvol  (m12)            ,
    -67.625,    41.625,         7,                  0.2076131254, COPEPOD-2012  dispvol  (m12)            ,
    -67.625,    41.875,         4,                  0.2662671208, COPEPOD-2012  dispvol  (m12)            ,
    -67.625,    42.125,         7,                  0.1092978567, COPEPOD-2012  dispvol  (m12)            ,
    -67.625,    42.375,         7,                  0.1045711190, COPEPOD-2012  dispvol  (m12)            ,
    -67.625,    42.625,         5,                  0.1488215923, COPEPOD-2012  dispvol  (m12)            ,
    -67.625,    42.875,         5,                  0.2007501572, COPEPOD-2012  dispvol  (m12)            ,
    -67.625,    43.375,         5,                  0.3946130574, COPEPOD-2012  dispvol  (m12)            ,
    -67.625,    43.875,         5,                  0.3301133513, COPEPOD-2012  dispvol  (m12)            ,
    -67.625,    44.375,         4,                  0.0473140180, COPEPOD-2012  dispvol  (m12)            ,
    -67.375,    40.625,         2,                  0.1166803837, COPEPOD-2012  dispvol  (m12)            ,
    -67.375,    40.875,         7,                  0.0947925225, COPEPOD-2012  dispvol  (m12)            ,
    -67.375,    41.125,         8,                  0.2968515754, COPEPOD-2012  dispvol  (m12)            ,
    -67.375,    41.375,         6,                  0.4634432793, COPEPOD-2012  dispvol  (m12)            ,
    -67.375,    41.625,        10,                  0.2983184457, COPEPOD-2012  dispvol  (m12)            ,
    -67.375,    41.875,        14,                  0.1967645139, COPEPOD-2012  dispvol  (m12)            ,
    -67.375,    42.125,        11,                  0.1582944542, COPEPOD-2012  dispvol  (m12)            ,
    -67.375,    42.625,         3,                  0.1400400251, COPEPOD-2012  dispvol  (m12)            ,
    -67.375,    43.625,         2,                  0.3081939518, COPEPOD-2012  dispvol  (m12)            ,
    -67.125,    40.625,         3,                  0.0610286407, COPEPOD-2012  dispvol  (m12)            ,
    -67.125,    40.875,         2,                  0.0564427264, COPEPOD-2012  dispvol  (m12)            ,
    -67.125,    41.125,         5,                  0.1625221074, COPEPOD-2012  dispvol  (m12)            ,
    -67.125,    41.375,         7,                  0.2713884413, COPEPOD-2012  dispvol  (m12)            ,
    -67.125,    41.625,         7,                  0.3231823146, COPEPOD-2012  dispvol  (m12)            ,
    -67.125,    41.875,        13,                  0.2195298523, COPEPOD-2012  dispvol  (m12)            ,
    -67.125,    42.125,         9,                  0.1304947138, COPEPOD-2012  dispvol  (m12)            ,
    -67.125,    42.625,         1,                  0.0515822135, COPEPOD-2012  dispvol  (m12)            ,
    -67.125,    43.375,         3,                  0.1689470410, COPEPOD-2012  dispvol  (m12)            ,
    -67.125,    44.125,         4,                  0.1700911224, COPEPOD-2012  dispvol  (m12)            ,
    -67.125,    44.375,         3,                  0.1579116434, COPEPOD-2012  dispvol  (m12)            ,
    -66.875,    40.875,         1,                  0.0353997350, COPEPOD-2012  dispvol  (m12)            ,
    -66.875,    41.125,         7,                  0.1066998020, COPEPOD-2012  dispvol  (m12)            ,
    -66.875,    41.375,         5,                  0.2347099036, COPEPOD-2012  dispvol  (m12)            ,
    -66.875,    41.625,        13,                  0.2850260735, COPEPOD-2012  dispvol  (m12)            ,
    -66.875,    41.875,        11,                  0.2056711763, COPEPOD-2012  dispvol  (m12)            ,
    -66.875,    42.125,         9,                  0.0867682844, COPEPOD-2012  dispvol  (m12)            ,
    -66.875,    42.875,         3,                  0.0384867489, COPEPOD-2012  dispvol  (m12)            ,
    -66.875,    43.125,         4,                  0.0597177520, COPEPOD-2012  dispvol  (m12)            ,
    -66.625,    41.125,         3,                  0.1356277019, COPEPOD-2012  dispvol  (m12)            ,
    -66.625,    41.375,         6,                  0.1293704957, COPEPOD-2012  dispvol  (m12)            ,
    -66.625,    41.625,        17,                  0.2147174478, COPEPOD-2012  dispvol  (m12)            ,
    -66.625,    41.875,         7,                  0.2272730619, COPEPOD-2012  dispvol  (m12)            ,
    -66.625,    42.125,         4,                  0.1258299947, COPEPOD-2012  dispvol  (m12)            ,
    -66.625,    43.625,         3,                  0.0707183331, COPEPOD-2012  dispvol  (m12)            ,
    -66.625,    44.375,         3,                  0.1437064260, COPEPOD-2012  dispvol  (m12)            ,
    -66.375,    41.125,         4,                  0.0198023953, COPEPOD-2012  dispvol  (m12)            ,
    -66.375,    41.375,         9,                  0.1677441597, COPEPOD-2012  dispvol  (m12)            ,
    -66.375,    41.625,         5,                  0.2191910744, COPEPOD-2012  dispvol  (m12)            ,
    -66.375,    41.875,        13,                  0.1643752754, COPEPOD-2012  dispvol  (m12)            ,
    -66.375,    42.125,        12,                  0.1069494560, COPEPOD-2012  dispvol  (m12)            ,
    -66.375,    42.375,        11,                  0.0785852820, COPEPOD-2012  dispvol  (m12)            ,
    -66.375,    42.625,         6,                  0.0787233412, COPEPOD-2012  dispvol  (m12)            ,
    -66.375,    42.875,         3,                  0.0316909142, COPEPOD-2012  dispvol  (m12)            ,
    -66.375,    43.125,         7,                  0.0551576279, COPEPOD-2012  dispvol  (m12)            ,
    -66.375,    43.375,         2,                  0.0514534712, COPEPOD-2012  dispvol  (m12)            ,
    -66.375,    43.625,         4,                  0.0336230770, COPEPOD-2012  dispvol  (m12)            ,
    -66.125,    41.125,         1,                  0.0685961917, COPEPOD-2012  dispvol  (m12)            ,
    -66.125,    41.625,         5,                  0.0953226164, COPEPOD-2012  dispvol  (m12)            ,
    -66.125,    41.875,        10,                  0.1571583003, COPEPOD-2012  dispvol  (m12)            ,
    -66.125,    42.125,         1,                  0.0282487981, COPEPOD-2012  dispvol  (m12)            ,
    -66.125,    43.375,         1,                  0.0180675779, COPEPOD-2012  dispvol  (m12)            ,
    -66.125,    43.875,         5,                  0.1711544991, COPEPOD-2012  dispvol  (m12)            ,
    -65.875,    41.625,         4,                  0.0516973510, COPEPOD-2012  dispvol  (m12)            ,
    -65.875,    41.875,         6,                  0.0724171177, COPEPOD-2012  dispvol  (m12)            ,
    -65.875,    42.125,         1,                  0.0172345527, COPEPOD-2012  dispvol  (m12)            ,
    -25.375,    19.875,         1,                  0.0099999998, COPEPOD-2012  dispvol  (m12)            ,
    -25.125,    -1.875,         1,                  0.2900013626, COPEPOD-2012  dispvol  (m12)            ,
    -25.125,     2.375,         1,                  0.0350025780, COPEPOD-2012  dispvol  (m12)            ,
    -25.125,     4.875,         1,                  0.0550047196, COPEPOD-2012  dispvol  (m12)            ,
    -25.125,     7.375,         1,                  0.0500034541, COPEPOD-2012  dispvol  (m12)            ,
    -25.125,     9.625,         1,                  0.0550047196, COPEPOD-2012  dispvol  (m12)            ,
    -25.125,    12.375,         1,                  0.0750066936, COPEPOD-2012  dispvol  (m12)            ,
    -25.125,    14.875,         1,                  0.2199885249, COPEPOD-2012  dispvol  (m12)            ,
    -24.875,     0.125,         1,                  0.0249976963, COPEPOD-2012  dispvol  (m12)            ,
